0.0 0.0 -0.5019763112068176
0.01976284757256508 0.0988142266869545 -0.4940711259841919
0.03952569514513016 0.09486165642738342 -0.4940711259841919
0.05928853899240494 0.08300396054983139 -0.4940711259841919
0.07509882003068924 0.06719367951154709 -0.4940711259841919
0.08695652335882187 0.051383402198553085 -0.4940711259841919
0.0988142266869545 0.03162055462598801 -0.4940711259841919
0.10276680439710617 0.007905138656497002 -0.4940711259841919
0.10276680439710617 -0.011857707053422928 -0.4940711259841919
0.0988142266869545 -0.03557312488555908 -0.4940711259841919
0.08695652335882187 -0.05533596873283386 -0.4940711259841919
0.07509882003068924 -0.07114624977111816 -0.4940711259841919
0.05928853899240494 -0.08695652335882187 -0.4940711259841919
0.03952569514513016 -0.0988142266869545 -0.4940711259841919
0.01976284757256508 -0.10276680439710617 -0.4940711259841919
0.0 -0.10671937465667725 -0.4940711259841919
-0.023715414106845856 -0.10276680439710617 -0.4940711259841919
-0.043478261679410934 -0.0988142266869545 -0.4940711259841919
-0.06324110925197601 -0.08695652335882187 -0.4940711259841919
-0.07905139029026031 -0.07114624977111816 -0.4940711259841919
-0.09090909361839294 -0.05533596873283386 -0.4940711259841919
-0.10276680439710617 -0.03557312488555908 -0.4940711259841919
-0.10671937465667725 -0.011857707053422928 -0.4940711259841919
-0.10671937465667725 0.007905138656497002 -0.4940711259841919
-0.10276680439710617 0.03162055462598801 -0.4940711259841919
-0.09090909361839294 0.051383402198553085 -0.4940711259841919
-0.07905139029026031 0.06719367951154709 -0.4940711259841919
-0.06324110925197601 0.08300396054983139 -0.4940711259841919
-0.043478261679410934 0.09486165642738342 -0.4940711259841919
-0.023715414106845856 0.0988142266869545 -0.4940711259841919
-0.003952569328248501 0.10276680439710617 -0.4940711259841919
0.03952569514513016 0.197628453373909 -0.46245062351226807
0.08300396054983139 0.18577076494693756 -0.46245062351226807
0.11857707798480988 0.1620553433895111 -0.46245062351226807
0.15019764006137848 0.13438735902309418 -0.46245062351226807
0.17391304671764374 0.0988142266869545 -0.46245062351226807
0.1936759054660797 0.05928853899240494 -0.46245062351226807
0.20158103108406067 0.01976284757256508 -0.46245062351226807
0.20158103108406067 -0.023715414106845856 -0.46245062351226807
0.1936759054660797 -0.06324110925197601 -0.46245062351226807
0.17391304671764374 -0.10276680439710617 -0.46245062351226807
0.15019764006137848 -0.13833992183208466 -0.46245062351226807
0.11857707798480988 -0.16600792109966278 -0.46245062351226807
0.08300396054983139 -0.18972331285476685 -0.46245062351226807
0.03952569514513016 -0.20158103108406067 -0.46245062351226807
0.0 -0.20553360879421234 -0.46245062351226807
-0.043478261679410934 -0.20158103108406067 -0.46245062351226807
-0.08695652335882187 -0.18972331285476685 -0.46245062351226807
-0.12252964824438095 -0.16600792109966278 -0.46245062351226807
-0.15415018796920776 -0.13833992183208466 -0.46245062351226807
-0.1778656244277954 -0.10276680439710617 -0.46245062351226807
-0.197628453373909 -0.06324110925197601 -0.46245062351226807
-0.20553360879421234 -0.023715414106845856 -0.46245062351226807
-0.20553360879421234 0.01976284757256508 -0.46245062351226807
-0.197628453373909 0.05928853899240494 -0.46245062351226807
-0.1778656244277954 0.0988142266869545 -0.46245062351226807
-0.15415018796920776 0.13438735902309418 -0.46245062351226807
-0.12252964824438095 0.1620553433895111 -0.46245062351226807
-0.08695652335882187 0.18577076494693756 -0.46245062351226807
-0.043478261679410934 0.197628453373909 -0.46245062351226807
-0.003952569328248501 0.20158103108406067 -0.46245062351226807
0.05928853899240494 0.28853756189346313 -0.4071146547794342
0.11857707798480988 0.26877471804618835 -0.4071146547794342
0.16996048390865326 0.23715415596961975 -0.4071146547794342
0.21739131212234497 0.1936759054660797 -0.4071146547794342
0.25296443700790405 0.1462450623512268 -0.4071146547794342
0.2766798436641693 0.09090909361839294 -0.4071146547794342
0.2924901247024536 0.02766798436641693 -0.4071146547794342
0.2924901247024536 -0.03162055462598801 -0.4071146547794342
0.2766798436641693 -0.09486165642738342 -0.4071146547794342
0.25296443700790405 -0.15019764006137848 -0.4071146547794342
0.21739131212234497 -0.197628453373909 -0.4071146547794342
0.16996048390865326 -0.24110674858093262 -0.4071146547794342
0.11857707798480988 -0.27272728085517883 -0.4071146547794342
0.05928853899240494 -0.2924901247024536 -0.4071146547794342
0.0 -0.2964427173137665 -0.4071146547794342
-0.06324110925197601 -0.2924901247024536 -0.4071146547794342
-0.12252964824438095 -0.27272728085517883 -0.4071146547794342
-0.17391304671764374 -0.24110674858093262 -0.4071146547794342
-0.22134387493133545 -0.197628453373909 -0.4071146547794342
-0.2569170296192169 -0.15019764006137848 -0.4071146547794342
-0.2806324362754822 -0.09486165642738342 -0.4071146547794342
-0.2964427173137665 -0.03162055462598801 -0.4071146547794342
-0.2964427173137665 0.02766798436641693 -0.4071146547794342
-0.2806324362754822 0.09090909361839294 -0.4071146547794342
-0.2569170296192169 0.1462450623512268 -0.4071146547794342
-0.22134387493133545 0.1936759054660797 -0.4071146547794342
-0.17391304671764374 0.23715415596961975 -0.4071146547794342
-0.12252964824438095 0.26877471804618835 -0.4071146547794342
-0.06324110925197601 0.28853756189346313 -0.4071146547794342
-0.003952569328248501 0.2924901247024536 -0.4071146547794342
0.07509882003068924 0.3636363744735718 -0.33596837520599365
0.15019764006137848 0.3399209678173065 -0.33596837520599365
0.21739131212234497 0.30039528012275696 -0.33596837520599365
0.2766798436641693 0.2490118443965912 -0.33596837520599365
0.32015809416770935 0.18577076494693756 -0.33596837520599365
0.35177865624427795 0.1146245077252388 -0.33596837520599365
0.36758893728256226 0.03557312488555908 -0.33596837520599365
0.36758893728256226 -0.03952569514513016 -0.33596837520599365
0.35177865624427795 -0.11857707798480988 -0.33596837520599365
0.32015809416770935 -0.18972331285476685 -0.33596837520599365
0.2766798436641693 -0.25296443700790405 -0.33596837520599365
0.21739131212234497 -0.30434784293174744 -0.33596837520599365
0.15019764006137848 -0.343873530626297 -0.33596837520599365
0.07509882003068924 -0.36758893728256226 -0.33596837520599365
0.0 -0.3754940927028656 -0.33596837520599365
-0.07905139029026031 -0.36758893728256226 -0.33596837520599365
-0.15415018796920776 -0.343873530626297 -0.33596837520599365
-0.22134387493133545 -0.30434784293174744 -0.33596837520599365
-0.2806324362754822 -0.25296443700790405 -0.33596837520599365
-0.3241106867790222 -0.18972331285476685 -0.33596837520599365
-0.3557312488555908 -0.11857707798480988 -0.33596837520599365
-0.3715415298938751 -0.03952569514513016 -0.33596837520599365
-0.3715415298938751 0.03557312488555908 -0.33596837520599365
-0.3557312488555908 0.1146245077252388 -0.33596837520599365
-0.3241106867790222 0.18577076494693756 -0.33596837520599365
-0.2806324362754822 0.2490118443965912 -0.33596837520599365
-0.22134387493133545 0.30039528012275696 -0.33596837520599365
-0.15415018796920776 0.3399209678173065 -0.33596837520599365
-0.07905139029026031 0.3636363744735718 -0.33596837520599365
-0.003952569328248501 0.3715415298938751 -0.33596837520599365
0.08695652335882187 0.4229249060153961 -0.25296443700790405
0.17391304671764374 0.395256906747818 -0.25296443700790405
0.25296443700790405 0.3478260934352875 -0.25296443700790405
0.32015809416770935 0.28853756189346313 -0.25296443700790405
0.3754940927028656 0.2134387493133545 -0.25296443700790405
0.4110672175884247 0.1304347813129425 -0.25296443700790405
0.43083006143569946 0.043478261679410934 -0.25296443700790405
0.43083006143569946 -0.04743082821369171 -0.25296443700790405
0.4110672175884247 -0.13438735902309418 -0.25296443700790405
0.3754940927028656 -0.21739131212234497 -0.25296443700790405
0.32015809416770935 -0.2924901247024536 -0.25296443700790405
0.25296443700790405 -0.35177865624427795 -0.25296443700790405
0.17391304671764374 -0.39920949935913086 -0.25296443700790405
0.08695652335882187 -0.426877498626709 -0.25296443700790405
0.0 -0.43478262424468994 -0.25296443700790405
-0.09090909361839294 -0.426877498626709 -0.25296443700790405
-0.1778656244277954 -0.39920949935913086 -0.25296443700790405
-0.2569170296192169 -0.35177865624427795 -0.25296443700790405
-0.3241106867790222 -0.2924901247024536 -0.25296443700790405
-0.3794466257095337 -0.21739131212234497 -0.25296443700790405
-0.41501978039741516 -0.13438735902309418 -0.25296443700790405
-0.43478262424468994 -0.04743082821369171 -0.25296443700790405
-0.43478262424468994 0.043478261679410934 -0.25296443700790405
-0.41501978039741516 0.1304347813129425 -0.25296443700790405
-0.3794466257095337 0.2134387493133545 -0.25296443700790405
-0.3241106867790222 0.28853756189346313 -0.25296443700790405
-0.2569170296192169 0.3478260934352875 -0.25296443700790405
-0.1778656244277954 0.395256906747818 -0.25296443700790405
-0.09090909361839294 0.4229249060153961 -0.25296443700790405
-0.003952569328248501 0.43083006143569946 -0.25296443700790405
0.0988142266869545 0.46640318632125854 -0.15810278058052063
0.1936759054660797 0.43478262424468994 -0.15810278058052063
0.2766798436641693 0.38339921832084656 -0.15810278058052063
0.35177865624427795 0.31620556116104126 -0.15810278058052063
0.4110672175884247 0.23715415596961975 -0.15810278058052063
0.45059290528297424 0.1462450623512268 -0.15810278058052063
0.4743083119392395 0.04743082821369171 -0.15810278058052063
0.4743083119392395 -0.051383402198553085 -0.15810278058052063
0.45059290528297424 -0.15019764006137848 -0.15810278058052063
0.4110672175884247 -0.24110674858093262 -0.15810278058052063
0.35177865624427795 -0.32015809416770935 -0.15810278058052063
0.2766798436641693 -0.3873518109321594 -0.15810278058052063
0.1936759054660797 -0.4387352168560028 -0.15810278058052063
0.0988142266869545 -0.470355749130249 -0.15810278058052063
0.0 -0.47826087474823 -0.15810278058052063
-0.10276680439710617 -0.470355749130249 -0.15810278058052063
-0.197628453373909 -0.4387352168560028 -0.15810278058052063
-0.2806324362754822 -0.3873518109321594 -0.15810278058052063
-0.3557312488555908 -0.32015809416770935 -0.15810278058052063
-0.41501978039741516 -0.24110674858093262 -0.15810278058052063
-0.4545454680919647 -0.15019764006137848 -0.15810278058052063
-0.47826087474823 -0.051383402198553085 -0.15810278058052063
-0.47826087474823 0.04743082821369171 -0.15810278058052063
-0.4545454680919647 0.1462450623512268 -0.15810278058052063
-0.41501978039741516 0.23715415596961975 -0.15810278058052063
-0.3557312488555908 0.31620556116104126 -0.15810278058052063
-0.2806324362754822 0.38339921832084656 -0.15810278058052063
-0.197628453373909 0.43478262424468994 -0.15810278058052063
-0.10276680439710617 0.46640318632125854 -0.15810278058052063
-0.003952569328248501 0.4743083119392395 -0.15810278058052063
0.10276680439710617 0.4861660301685333 -0.05533596873283386
0.20158103108406067 0.4545454680919647 -0.05533596873283386
0.2924901247024536 0.40316206216812134 -0.05533596873283386
0.36758893728256226 0.33201584219932556 -0.05533596873283386
0.43083006143569946 0.2490118443965912 -0.05533596873283386
0.4743083119392395 0.15415018796920776 -0.05533596873283386
0.4940711259841919 0.051383402198553085 -0.05533596873283386
0.4940711259841919 -0.05533596873283386 -0.05533596873283386
0.4743083119392395 -0.15810278058052063 -0.05533596873283386
0.43083006143569946 -0.25296443700790405 -0.05533596873283386
0.36758893728256226 -0.33596837520599365 -0.05533596873283386
0.2924901247024536 -0.4071146547794342 -0.05533596873283386
0.20158103108406067 -0.4584980309009552 -0.05533596873283386
0.10276680439710617 -0.4901185929775238 -0.05533596873283386
0.0 -0.5019763112068176 -0.05533596873283386
-0.10671937465667725 -0.4901185929775238 -0.05533596873283386
-0.20553360879421234 -0.4584980309009552 -0.05533596873283386
-0.2964427173137665 -0.4071146547794342 -0.05533596873283386
-0.3715415298938751 -0.33596837520599365 -0.05533596873283386
-0.43478262424468994 -0.25296443700790405 -0.05533596873283386
-0.47826087474823 -0.15810278058052063 -0.05533596873283386
-0.4980236887931824 -0.05533596873283386 -0.05533596873283386
-0.4980236887931824 0.051383402198553085 -0.05533596873283386
-0.47826087474823 0.15415018796920776 -0.05533596873283386
-0.43478262424468994 0.2490118443965912 -0.05533596873283386
-0.3715415298938751 0.33201584219932556 -0.05533596873283386
-0.2964427173137665 0.40316206216812134 -0.05533596873283386
-0.20553360879421234 0.4545454680919647 -0.05533596873283386
-0.10671937465667725 0.4861660301685333 -0.05533596873283386
-0.003952569328248501 0.4980236887931824 -0.05533596873283386
0.10276680439710617 0.4861660301685333 0.051383402198553085
0.20158103108406067 0.4545454680919647 0.051383402198553085
0.2924901247024536 0.40316206216812134 0.051383402198553085
0.36758893728256226 0.33201584219932556 0.051383402198553085
0.43083006143569946 0.2490118443965912 0.051383402198553085
0.4743083119392395 0.15415018796920776 0.051383402198553085
0.4940711259841919 0.051383402198553085 0.051383402198553085
0.4940711259841919 -0.05533596873283386 0.051383402198553085
0.4743083119392395 -0.15810278058052063 0.051383402198553085
0.43083006143569946 -0.25296443700790405 0.051383402198553085
0.36758893728256226 -0.33596837520599365 0.051383402198553085
0.2924901247024536 -0.4071146547794342 0.051383402198553085
0.20158103108406067 -0.4584980309009552 0.051383402198553085
0.10276680439710617 -0.4901185929775238 0.051383402198553085
0.0 -0.5019763112068176 0.051383402198553085
-0.10671937465667725 -0.4901185929775238 0.051383402198553085
-0.20553360879421234 -0.4584980309009552 0.051383402198553085
-0.2964427173137665 -0.4071146547794342 0.051383402198553085
-0.3715415298938751 -0.33596837520599365 0.051383402198553085
-0.43478262424468994 -0.25296443700790405 0.051383402198553085
-0.47826087474823 -0.15810278058052063 0.051383402198553085
-0.4980236887931824 -0.05533596873283386 0.051383402198553085
-0.4980236887931824 0.051383402198553085 0.051383402198553085
-0.47826087474823 0.15415018796920776 0.051383402198553085
-0.43478262424468994 0.2490118443965912 0.051383402198553085
-0.3715415298938751 0.33201584219932556 0.051383402198553085
-0.2964427173137665 0.40316206216812134 0.051383402198553085
-0.20553360879421234 0.4545454680919647 0.051383402198553085
-0.10671937465667725 0.4861660301685333 0.051383402198553085
-0.003952569328248501 0.4980236887931824 0.051383402198553085
0.0988142266869545 0.46640318632125854 0.15415018796920776
0.1936759054660797 0.43478262424468994 0.15415018796920776
0.2766798436641693 0.38339921832084656 0.15415018796920776
0.35177865624427795 0.31620556116104126 0.15415018796920776
0.4110672175884247 0.23715415596961975 0.15415018796920776
0.45059290528297424 0.1462450623512268 0.15415018796920776
0.4743083119392395 0.04743082821369171 0.15415018796920776
0.4743083119392395 -0.051383402198553085 0.15415018796920776
0.45059290528297424 -0.15019764006137848 0.15415018796920776
0.4110672175884247 -0.24110674858093262 0.15415018796920776
0.35177865624427795 -0.32015809416770935 0.15415018796920776
0.2766798436641693 -0.3873518109321594 0.15415018796920776
0.1936759054660797 -0.4387352168560028 0.15415018796920776
0.0988142266869545 -0.470355749130249 0.15415018796920776
0.0 -0.47826087474823 0.15415018796920776
-0.10276680439710617 -0.470355749130249 0.15415018796920776
-0.197628453373909 -0.4387352168560028 0.15415018796920776
-0.2806324362754822 -0.3873518109321594 0.15415018796920776
-0.3557312488555908 -0.32015809416770935 0.15415018796920776
-0.41501978039741516 -0.24110674858093262 0.15415018796920776
-0.4545454680919647 -0.15019764006137848 0.15415018796920776
-0.47826087474823 -0.051383402198553085 0.15415018796920776
-0.47826087474823 0.04743082821369171 0.15415018796920776
-0.4545454680919647 0.1462450623512268 0.15415018796920776
-0.41501978039741516 0.23715415596961975 0.15415018796920776
-0.3557312488555908 0.31620556116104126 0.15415018796920776
-0.2806324362754822 0.38339921832084656 0.15415018796920776
-0.197628453373909 0.43478262424468994 0.15415018796920776
-0.10276680439710617 0.46640318632125854 0.15415018796920776
-0.003952569328248501 0.4743083119392395 0.15415018796920776
0.08695652335882187 0.4229249060153961 0.2490118443965912
0.17391304671764374 0.395256906747818 0.2490118443965912
0.25296443700790405 0.3478260934352875 0.2490118443965912
0.32015809416770935 0.28853756189346313 0.2490118443965912
0.3754940927028656 0.2134387493133545 0.2490118443965912
0.4110672175884247 0.1304347813129425 0.2490118443965912
0.43083006143569946 0.043478261679410934 0.2490118443965912
0.43083006143569946 -0.04743082821369171 0.2490118443965912
0.4110672175884247 -0.13438735902309418 0.2490118443965912
0.3754940927028656 -0.21739131212234497 0.2490118443965912
0.32015809416770935 -0.2924901247024536 0.2490118443965912
0.25296443700790405 -0.35177865624427795 0.2490118443965912
0.17391304671764374 -0.39920949935913086 0.2490118443965912
0.08695652335882187 -0.426877498626709 0.2490118443965912
0.0 -0.43478262424468994 0.2490118443965912
-0.09090909361839294 -0.426877498626709 0.2490118443965912
-0.1778656244277954 -0.39920949935913086 0.2490118443965912
-0.2569170296192169 -0.35177865624427795 0.2490118443965912
-0.3241106867790222 -0.2924901247024536 0.2490118443965912
-0.3794466257095337 -0.21739131212234497 0.2490118443965912
-0.41501978039741516 -0.13438735902309418 0.2490118443965912
-0.43478262424468994 -0.04743082821369171 0.2490118443965912
-0.43478262424468994 0.043478261679410934 0.2490118443965912
-0.41501978039741516 0.1304347813129425 0.2490118443965912
-0.3794466257095337 0.2134387493133545 0.2490118443965912
-0.3241106867790222 0.28853756189346313 0.2490118443965912
-0.2569170296192169 0.3478260934352875 0.2490118443965912
-0.1778656244277954 0.395256906747818 0.2490118443965912
-0.09090909361839294 0.4229249060153961 0.2490118443965912
-0.003952569328248501 0.43083006143569946 0.2490118443965912
0.07509882003068924 0.3636363744735718 0.33201584219932556
0.15019764006137848 0.3399209678173065 0.33201584219932556
0.21739131212234497 0.30039528012275696 0.33201584219932556
0.2766798436641693 0.2490118443965912 0.33201584219932556
0.32015809416770935 0.18577076494693756 0.33201584219932556
0.35177865624427795 0.1146245077252388 0.33201584219932556
0.36758893728256226 0.03557312488555908 0.33201584219932556
0.36758893728256226 -0.03952569514513016 0.33201584219932556
0.35177865624427795 -0.11857707798480988 0.33201584219932556
0.32015809416770935 -0.18972331285476685 0.33201584219932556
0.2766798436641693 -0.25296443700790405 0.33201584219932556
0.21739131212234497 -0.30434784293174744 0.33201584219932556
0.15019764006137848 -0.343873530626297 0.33201584219932556
0.07509882003068924 -0.36758893728256226 0.33201584219932556
0.0 -0.3754940927028656 0.33201584219932556
-0.07905139029026031 -0.36758893728256226 0.33201584219932556
-0.15415018796920776 -0.343873530626297 0.33201584219932556
-0.22134387493133545 -0.30434784293174744 0.33201584219932556
-0.2806324362754822 -0.25296443700790405 0.33201584219932556
-0.3241106867790222 -0.18972331285476685 0.33201584219932556
-0.3557312488555908 -0.11857707798480988 0.33201584219932556
-0.3715415298938751 -0.03952569514513016 0.33201584219932556
-0.3715415298938751 0.03557312488555908 0.33201584219932556
-0.3557312488555908 0.1146245077252388 0.33201584219932556
-0.3241106867790222 0.18577076494693756 0.33201584219932556
-0.2806324362754822 0.2490118443965912 0.33201584219932556
-0.22134387493133545 0.30039528012275696 0.33201584219932556
-0.15415018796920776 0.3399209678173065 0.33201584219932556
-0.07905139029026031 0.3636363744735718 0.33201584219932556
-0.003952569328248501 0.3715415298938751 0.33201584219932556
0.05928853899240494 0.28853756189346313 0.40316206216812134
0.11857707798480988 0.26877471804618835 0.40316206216812134
0.16996048390865326 0.23715415596961975 0.40316206216812134
0.21739131212234497 0.1936759054660797 0.40316206216812134
0.25296443700790405 0.1462450623512268 0.40316206216812134
0.2766798436641693 0.09090909361839294 0.40316206216812134
0.2924901247024536 0.02766798436641693 0.40316206216812134
0.2924901247024536 -0.03162055462598801 0.40316206216812134
0.2766798436641693 -0.09486165642738342 0.40316206216812134
0.25296443700790405 -0.15019764006137848 0.40316206216812134
0.21739131212234497 -0.197628453373909 0.40316206216812134
0.16996048390865326 -0.24110674858093262 0.40316206216812134
0.11857707798480988 -0.27272728085517883 0.40316206216812134
0.05928853899240494 -0.2924901247024536 0.40316206216812134
0.0 -0.2964427173137665 0.40316206216812134
-0.06324110925197601 -0.2924901247024536 0.40316206216812134
-0.12252964824438095 -0.27272728085517883 0.40316206216812134
-0.17391304671764374 -0.24110674858093262 0.40316206216812134
-0.22134387493133545 -0.197628453373909 0.40316206216812134
-0.2569170296192169 -0.15019764006137848 0.40316206216812134
-0.2806324362754822 -0.09486165642738342 0.40316206216812134
-0.2964427173137665 -0.03162055462598801 0.40316206216812134
-0.2964427173137665 0.02766798436641693 0.40316206216812134
-0.2806324362754822 0.09090909361839294 0.40316206216812134
-0.2569170296192169 0.1462450623512268 0.40316206216812134
-0.22134387493133545 0.1936759054660797 0.40316206216812134
-0.17391304671764374 0.23715415596961975 0.40316206216812134
-0.12252964824438095 0.26877471804618835 0.40316206216812134
-0.06324110925197601 0.28853756189346313 0.40316206216812134
-0.003952569328248501 0.2924901247024536 0.40316206216812134
0.03952569514513016 0.197628453373909 0.4584980309009552
0.08300396054983139 0.18577076494693756 0.4584980309009552
0.11857707798480988 0.1620553433895111 0.4584980309009552
0.15019764006137848 0.13438735902309418 0.4584980309009552
0.17391304671764374 0.0988142266869545 0.4584980309009552
0.1936759054660797 0.05928853899240494 0.4584980309009552
0.20158103108406067 0.01976284757256508 0.4584980309009552
0.20158103108406067 -0.023715414106845856 0.4584980309009552
0.1936759054660797 -0.06324110925197601 0.4584980309009552
0.17391304671764374 -0.10276680439710617 0.4584980309009552
0.15019764006137848 -0.13833992183208466 0.4584980309009552
0.11857707798480988 -0.16600792109966278 0.4584980309009552
0.08300396054983139 -0.18972331285476685 0.4584980309009552
0.03952569514513016 -0.20158103108406067 0.4584980309009552
0.0 -0.20553360879421234 0.4584980309009552
-0.043478261679410934 -0.20158103108406067 0.4584980309009552
-0.08695652335882187 -0.18972331285476685 0.4584980309009552
-0.12252964824438095 -0.16600792109966278 0.4584980309009552
-0.15415018796920776 -0.13833992183208466 0.4584980309009552
-0.1778656244277954 -0.10276680439710617 0.4584980309009552
-0.197628453373909 -0.06324110925197601 0.4584980309009552
-0.20553360879421234 -0.023715414106845856 0.4584980309009552
-0.20553360879421234 0.01976284757256508 0.4584980309009552
-0.197628453373909 0.05928853899240494 0.4584980309009552
-0.1778656244277954 0.0988142266869545 0.4584980309009552
-0.15415018796920776 0.13438735902309418 0.4584980309009552
-0.12252964824438095 0.1620553433895111 0.4584980309009552
-0.08695652335882187 0.18577076494693756 0.4584980309009552
-0.043478261679410934 0.197628453373909 0.4584980309009552
-0.003952569328248501 0.20158103108406067 0.4584980309009552
0.01976284757256508 0.0988142266869545 0.4901185929775238
0.03952569514513016 0.09486165642738342 0.4901185929775238
0.05928853899240494 0.08300396054983139 0.4901185929775238
0.07509882003068924 0.06719367951154709 0.4901185929775238
0.08695652335882187 0.051383402198553085 0.4901185929775238
0.0988142266869545 0.03162055462598801 0.4901185929775238
0.10276680439710617 0.007905138656497002 0.4901185929775238
0.10276680439710617 -0.011857707053422928 0.4901185929775238
0.0988142266869545 -0.03557312488555908 0.4901185929775238
0.08695652335882187 -0.05533596873283386 0.4901185929775238
0.07509882003068924 -0.07114624977111816 0.4901185929775238
0.05928853899240494 -0.08695652335882187 0.4901185929775238
0.03952569514513016 -0.0988142266869545 0.4901185929775238
0.01976284757256508 -0.10276680439710617 0.4901185929775238
0.0 -0.10671937465667725 0.4901185929775238
-0.023715414106845856 -0.10276680439710617 0.4901185929775238
-0.043478261679410934 -0.0988142266869545 0.4901185929775238
-0.06324110925197601 -0.08695652335882187 0.4901185929775238
-0.07905139029026031 -0.07114624977111816 0.4901185929775238
-0.09090909361839294 -0.05533596873283386 0.4901185929775238
-0.10276680439710617 -0.03557312488555908 0.4901185929775238
-0.10671937465667725 -0.011857707053422928 0.4901185929775238
-0.10671937465667725 0.007905138656497002 0.4901185929775238
-0.10276680439710617 0.03162055462598801 0.4901185929775238
-0.09090909361839294 0.051383402198553085 0.4901185929775238
-0.07905139029026031 0.06719367951154709 0.4901185929775238
-0.06324110925197601 0.08300396054983139 0.4901185929775238
-0.043478261679410934 0.09486165642738342 0.4901185929775238
-0.023715414106845856 0.0988142266869545 0.4901185929775238
-0.003952569328248501 0.10276680439710617 0.4901185929775238
0.0 0.0 0.5019763112068176