0.0 0.0 1.047200083732605
0.5236000418663025 0.0 0.8472000360488892
0.32360002398490906 0.5236000418663025 0.8472000360488892
0.0 0.32360002398490906 0.8472000360488892
-0.32360002398490906 0.5236000418663025 0.8472000360488892
-0.5236000418663025 0.0 0.8472000360488892
-0.32360002398490906 -0.5236000418663025 0.8472000360488892
0.0 -0.32360002398490906 0.8472000360488892
0.32360002398490906 -0.5236000418663025 0.8472000360488892
0.8472000360488892 0.32360002398490906 0.5236000418663025
0.5236000418663025 0.5236000418663025 0.5236000418663025
0.0 0.8472000360488892 0.5236000418663025
-0.5236000418663025 0.5236000418663025 0.5236000418663025
-0.8472000360488892 0.32360002398490906 0.5236000418663025
-0.8472000360488892 -0.32360002398490906 0.5236000418663025
-0.5236000418663025 -0.5236000418663025 0.5236000418663025
0.0 -0.8472000360488892 0.5236000418663025
0.5236000418663025 -0.5236000418663025 0.5236000418663025
0.8472000360488892 -0.32360002398490906 0.5236000418663025
0.8472000360488892 0.0 0.32360002398490906
0.5236000418663025 0.8472000360488892 0.32360002398490906
-0.5236000418663025 0.8472000360488892 0.32360002398490906
-0.8472000360488892 0.0 0.32360002398490906
-0.5236000418663025 -0.8472000360488892 0.32360002398490906
0.5236000418663025 -0.8472000360488892 0.32360002398490906
1.047200083732605 0.0 0.0
0.8472000360488892 0.5236000418663025 0.0
0.32360002398490906 0.8472000360488892 0.0
0.0 1.047200083732605 0.0
-0.32360002398490906 0.8472000360488892 0.0
-0.8472000360488892 0.5236000418663025 0.0
-1.047200083732605 0.0 0.0
-0.8472000360488892 -0.5236000418663025 0.0
-0.32360002398490906 -0.8472000360488892 0.0
0.0 -1.047200083732605 0.0
0.32360002398490906 -0.8472000360488892 0.0
0.8472000360488892 -0.5236000418663025 0.0
0.8472000360488892 0.0 -0.32360002398490906
0.5236000418663025 0.8472000360488892 -0.32360002398490906
-0.5236000418663025 0.8472000360488892 -0.32360002398490906
-0.8472000360488892 0.0 -0.32360002398490906
-0.5236000418663025 -0.8472000360488892 -0.32360002398490906
0.5236000418663025 -0.8472000360488892 -0.32360002398490906
0.8472000360488892 0.32360002398490906 -0.5236000418663025
0.5236000418663025 0.5236000418663025 -0.5236000418663025
0.0 0.8472000360488892 -0.5236000418663025
-0.5236000418663025 0.5236000418663025 -0.5236000418663025
-0.8472000360488892 0.32360002398490906 -0.5236000418663025
-0.8472000360488892 -0.32360002398490906 -0.5236000418663025
-0.5236000418663025 -0.5236000418663025 -0.5236000418663025
0.0 -0.8472000360488892 -0.5236000418663025
0.5236000418663025 -0.5236000418663025 -0.5236000418663025
0.8472000360488892 -0.32360002398490906 -0.5236000418663025
0.5236000418663025 0.0 -0.8472000360488892
0.32360002398490906 0.5236000418663025 -0.8472000360488892
0.0 0.32360002398490906 -0.8472000360488892
-0.32360002398490906 0.5236000418663025 -0.8472000360488892
-0.5236000418663025 0.0 -0.8472000360488892
-0.32360002398490906 -0.5236000418663025 -0.8472000360488892
0.0 -0.32360002398490906 -0.8472000360488892
0.32360002398490906 -0.5236000418663025 -0.8472000360488892
0.0 0.0 -1.047200083732605