0 21 22 
0 22 1 
0 1 25 
0 25 27 
0 27 2 
0 2 29 
0 29 3 
0 3 4 
0 4 5 
0 5 32 
0 32 33 
0 33 6 
0 6 35 
0 35 36 
0 36 37 
0 37 38 
0 38 39 
0 39 40 
0 40 43 
0 43 7 
0 7 45 
0 45 48 
0 48 8 
0 8 21 
17 23 20 
17 24 23 
17 9 24 
17 26 9 
17 28 26 
17 10 28 
17 30 10 
17 11 30 
17 31 11 
17 12 31 
17 14 12 
17 13 14 
17 34 13 
17 16 34 
17 15 16 
17 18 15 
17 19 18 
17 41 19 
17 42 41 
17 44 42 
17 46 44 
17 47 46 
17 49 47 
17 20 49 
21 20 23 
21 23 22 
22 23 24 
22 24 1 
1 24 9 
1 9 25 
25 9 26 
25 26 27 
27 26 28 
27 28 2 
2 28 10 
2 10 29 
29 10 30 
29 30 3 
3 30 11 
3 11 4 
4 11 31 
4 31 5 
5 31 12 
5 12 32 
32 12 14 
32 14 33 
33 14 13 
33 13 6 
6 13 34 
6 34 35 
35 34 16 
35 16 36 
36 16 15 
36 15 37 
37 15 18 
37 18 38 
38 18 19 
38 19 39 
39 19 41 
39 41 40 
40 41 42 
40 42 43 
43 42 44 
43 44 7 
7 44 46 
7 46 45 
45 46 47 
45 47 48 
48 47 49 
48 49 8 
8 49 20 
8 20 21 