0 -50 0 
86.6025 -50 50 
25.8819 -50 96.5926 
-25.8819 -50 96.5926 
-50 -50 86.6025 
-70.7107 -50 70.7107 
-100 -50 1.22461e-14 
50 -50 -86.6025 
96.5926 -50 -25.8819 
141.421 50 141.421 
1.22461e-14 50 200 
-100 50 173.205 
-173.205 50 100 
-200 50 2.44921e-14 
-193.185 50 51.7638 
-141.421 50 -141.421 
-173.205 50 -100 
0 50 0 
-100 50 -173.205 
-51.7638 50 -193.185 
200 50 0 
100 -50 0 
96.5926 -50 25.8819 
193.185 50 51.7638 
173.205 50 100 
70.7107 -50 70.7107 
100 50 173.205 
50 -50 86.6025 
51.7638 50 193.185 
6.12303e-15 -50 100 
-51.7638 50 193.185 
-141.421 50 141.421 
-86.6025 -50 50 
-96.5926 -50 25.8819 
-193.185 50 -51.7638 
-96.5926 -50 -25.8819 
-86.6025 -50 -50 
-70.7107 -50 -70.7107 
-50 -50 -86.6025 
-25.8819 -50 -96.5926 
-1.83691e-14 -50 -100 
-3.67382e-14 50 -200 
51.7638 50 -193.185 
25.8819 -50 -96.5926 
100 50 -173.205 
70.7107 -50 -70.7107 
141.421 50 -141.421 
173.205 50 -100 
86.6025 -50 -50 
193.185 50 -51.7638 