0.0 0.0 -1.0160000324249268
0.04000000283122063 0.20000000298023224 -1.0
0.08000000566244125 0.19200000166893005 -1.0
0.12000000476837158 0.1680000126361847 -1.0
0.15200001001358032 0.13600000739097595 -1.0
0.17600001394748688 0.10400000214576721 -1.0
0.20000000298023224 0.06400000303983688 -1.0
0.20800000429153442 0.01600000075995922 -1.0
0.20800000429153442 -0.024000000208616257 -1.0
0.20000000298023224 -0.07200000435113907 -1.0
0.17600001394748688 -0.1120000034570694 -1.0
0.15200001001358032 -0.14400000870227814 -1.0
0.12000000476837158 -0.17600001394748688 -1.0
0.08000000566244125 -0.20000000298023224 -1.0
0.04000000283122063 -0.20800000429153442 -1.0
0.0 -0.2160000056028366 -1.0
-0.04800000041723251 -0.20800000429153442 -1.0
-0.08800000697374344 -0.20000000298023224 -1.0
-0.12800000607967377 -0.17600001394748688 -1.0
-0.1600000113248825 -0.14400000870227814 -1.0
-0.18400001525878906 -0.1120000034570694 -1.0
-0.20800000429153442 -0.07200000435113907 -1.0
-0.2160000056028366 -0.024000000208616257 -1.0
-0.2160000056028366 0.01600000075995922 -1.0
-0.20800000429153442 0.06400000303983688 -1.0
-0.18400001525878906 0.10400000214576721 -1.0
-0.1600000113248825 0.13600000739097595 -1.0
-0.12800000607967377 0.1680000126361847 -1.0
-0.08800000697374344 0.19200000166893005 -1.0
-0.04800000041723251 0.20000000298023224 -1.0
-0.00800000037997961 0.20800000429153442 -1.0
0.08000000566244125 0.4000000059604645 -0.9360000491142273
0.1680000126361847 0.3760000169277191 -0.9360000491142273
0.24000000953674316 0.328000009059906 -0.9360000491142273
0.30400002002716064 0.2720000147819519 -0.9360000491142273
0.35200002789497375 0.20000000298023224 -0.9360000491142273
0.3920000195503235 0.12000000476837158 -0.9360000491142273
0.40800002217292786 0.04000000283122063 -0.9360000491142273
0.40800002217292786 -0.04800000041723251 -0.9360000491142273
0.3920000195503235 -0.12800000607967377 -0.9360000491142273
0.35200002789497375 -0.20800000429153442 -0.9360000491142273
0.30400002002716064 -0.2800000011920929 -0.9360000491142273
0.24000000953674316 -0.3360000252723694 -0.9360000491142273
0.1680000126361847 -0.3840000033378601 -0.9360000491142273
0.08000000566244125 -0.40800002217292786 -0.9360000491142273
0.0 -0.41600000858306885 -0.9360000491142273
-0.08800000697374344 -0.40800002217292786 -0.9360000491142273
-0.17600001394748688 -0.3840000033378601 -0.9360000491142273
-0.24800001084804535 -0.3360000252723694 -0.9360000491142273
-0.31200000643730164 -0.2800000011920929 -0.9360000491142273
-0.36000001430511475 -0.20800000429153442 -0.9360000491142273
-0.4000000059604645 -0.12800000607967377 -0.9360000491142273
-0.41600000858306885 -0.04800000041723251 -0.9360000491142273
-0.41600000858306885 0.04000000283122063 -0.9360000491142273
-0.4000000059604645 0.12000000476837158 -0.9360000491142273
-0.36000001430511475 0.20000000298023224 -0.9360000491142273
-0.31200000643730164 0.2720000147819519 -0.9360000491142273
-0.24800001084804535 0.328000009059906 -0.9360000491142273
-0.17600001394748688 0.3760000169277191 -0.9360000491142273
-0.08800000697374344 0.4000000059604645 -0.9360000491142273
-0.00800000037997961 0.40800002217292786 -0.9360000491142273
0.12000000476837158 0.5840000510215759 -0.8240000605583191
0.24000000953674316 0.5440000295639038 -0.8240000605583191
0.3440000116825104 0.48000001907348633 -0.8240000605583191
0.4400000274181366 0.3920000195503235 -0.8240000605583191
0.5120000243186951 0.29600000381469727 -0.8240000605583191
0.5600000023841858 0.18400001525878906 -0.8240000605583191
0.5920000076293945 0.0560000017285347 -0.8240000605583191
0.5920000076293945 -0.06400000303983688 -0.8240000605583191
0.5600000023841858 -0.19200000166893005 -0.8240000605583191
0.5120000243186951 -0.30400002002716064 -0.8240000605583191
0.4400000274181366 -0.4000000059604645 -0.8240000605583191
0.3440000116825104 -0.4880000352859497 -0.8240000605583191
0.24000000953674316 -0.5520000457763672 -0.8240000605583191
0.12000000476837158 -0.5920000076293945 -0.8240000605583191
0.0 -0.6000000238418579 -0.8240000605583191
-0.12800000607967377 -0.5920000076293945 -0.8240000605583191
-0.24800001084804535 -0.5520000457763672 -0.8240000605583191
-0.35200002789497375 -0.4880000352859497 -0.8240000605583191
-0.4480000138282776 -0.4000000059604645 -0.8240000605583191
-0.5200000405311584 -0.30400002002716064 -0.8240000605583191
-0.5680000185966492 -0.19200000166893005 -0.8240000605583191
-0.6000000238418579 -0.06400000303983688 -0.8240000605583191
-0.6000000238418579 0.0560000017285347 -0.8240000605583191
-0.5680000185966492 0.18400001525878906 -0.8240000605583191
-0.5200000405311584 0.29600000381469727 -0.8240000605583191
-0.4480000138282776 0.3920000195503235 -0.8240000605583191
-0.35200002789497375 0.48000001907348633 -0.8240000605583191
-0.24800001084804535 0.5440000295639038 -0.8240000605583191
-0.12800000607967377 0.5840000510215759 -0.8240000605583191
-0.00800000037997961 0.5920000076293945 -0.8240000605583191
0.15200001001358032 0.7360000610351562 -0.6800000071525574
0.30400002002716064 0.6880000233650208 -0.6800000071525574
0.4400000274181366 0.6080000400543213 -0.6800000071525574
0.5600000023841858 0.5040000081062317 -0.6800000071525574
0.6480000019073486 0.3760000169277191 -0.6800000071525574
0.7120000123977661 0.23200000822544098 -0.6800000071525574
0.7440000176429749 0.07200000435113907 -0.6800000071525574
0.7440000176429749 -0.08000000566244125 -0.6800000071525574
0.7120000123977661 -0.24000000953674316 -0.6800000071525574
0.6480000019073486 -0.3840000033378601 -0.6800000071525574
0.5600000023841858 -0.5120000243186951 -0.6800000071525574
0.4400000274181366 -0.6160000562667847 -0.6800000071525574
0.30400002002716064 -0.6960000395774841 -0.6800000071525574
0.15200001001358032 -0.7440000176429749 -0.6800000071525574
0.0 -0.7600000500679016 -0.6800000071525574
-0.1600000113248825 -0.7440000176429749 -0.6800000071525574
-0.31200000643730164 -0.6960000395774841 -0.6800000071525574
-0.4480000138282776 -0.6160000562667847 -0.6800000071525574
-0.5680000185966492 -0.5120000243186951 -0.6800000071525574
-0.656000018119812 -0.3840000033378601 -0.6800000071525574
-0.7200000286102295 -0.24000000953674316 -0.6800000071525574
-0.7520000338554382 -0.08000000566244125 -0.6800000071525574
-0.7520000338554382 0.07200000435113907 -0.6800000071525574
-0.7200000286102295 0.23200000822544098 -0.6800000071525574
-0.656000018119812 0.3760000169277191 -0.6800000071525574
-0.5680000185966492 0.5040000081062317 -0.6800000071525574
-0.4480000138282776 0.6080000400543213 -0.6800000071525574
-0.31200000643730164 0.6880000233650208 -0.6800000071525574
-0.1600000113248825 0.7360000610351562 -0.6800000071525574
-0.00800000037997961 0.7520000338554382 -0.6800000071525574
0.17600001394748688 0.8560000658035278 -0.5120000243186951
0.35200002789497375 0.800000011920929 -0.5120000243186951
0.5120000243186951 0.7040000557899475 -0.5120000243186951
0.6480000019073486 0.5840000510215759 -0.5120000243186951
0.7600000500679016 0.4320000112056732 -0.5120000243186951
0.8320000171661377 0.2639999985694885 -0.5120000243186951
0.8720000386238098 0.08800000697374344 -0.5120000243186951
0.8720000386238098 -0.09600000083446503 -0.5120000243186951
0.8320000171661377 -0.2720000147819519 -0.5120000243186951
0.7600000500679016 -0.4400000274181366 -0.5120000243186951
0.6480000019073486 -0.5920000076293945 -0.5120000243186951
0.5120000243186951 -0.7120000123977661 -0.5120000243186951
0.35200002789497375 -0.8080000281333923 -0.5120000243186951
0.17600001394748688 -0.8640000224113464 -0.5120000243186951
0.0 -0.8800000548362732 -0.5120000243186951
-0.18400001525878906 -0.8640000224113464 -0.5120000243186951
-0.36000001430511475 -0.8080000281333923 -0.5120000243186951
-0.5200000405311584 -0.7120000123977661 -0.5120000243186951
-0.656000018119812 -0.5920000076293945 -0.5120000243186951
-0.7680000066757202 -0.4400000274181366 -0.5120000243186951
-0.8400000333786011 -0.2720000147819519 -0.5120000243186951
-0.8800000548362732 -0.09600000083446503 -0.5120000243186951
-0.8800000548362732 0.08800000697374344 -0.5120000243186951
-0.8400000333786011 0.2639999985694885 -0.5120000243186951
-0.7680000066757202 0.4320000112056732 -0.5120000243186951
-0.656000018119812 0.5840000510215759 -0.5120000243186951
-0.5200000405311584 0.7040000557899475 -0.5120000243186951
-0.36000001430511475 0.800000011920929 -0.5120000243186951
-0.18400001525878906 0.8560000658035278 -0.5120000243186951
-0.00800000037997961 0.8720000386238098 -0.5120000243186951
0.20000000298023224 0.9440000653266907 -0.320000022649765
0.3920000195503235 0.8800000548362732 -0.320000022649765
0.5600000023841858 0.7760000228881836 -0.320000022649765
0.7120000123977661 0.64000004529953 -0.320000022649765
0.8320000171661377 0.48000001907348633 -0.320000022649765
0.9120000600814819 0.29600000381469727 -0.320000022649765
0.9600000381469727 0.09600000083446503 -0.320000022649765
0.9600000381469727 -0.10400000214576721 -0.320000022649765
0.9120000600814819 -0.30400002002716064 -0.320000022649765
0.8320000171661377 -0.4880000352859497 -0.320000022649765
0.7120000123977661 -0.6480000019073486 -0.320000022649765
0.5600000023841858 -0.784000039100647 -0.320000022649765
0.3920000195503235 -0.8880000710487366 -0.320000022649765
0.20000000298023224 -0.9520000219345093 -0.320000022649765
0.0 -0.968000054359436 -0.320000022649765
-0.20800000429153442 -0.9520000219345093 -0.320000022649765
-0.4000000059604645 -0.8880000710487366 -0.320000022649765
-0.5680000185966492 -0.784000039100647 -0.320000022649765
-0.7200000286102295 -0.6480000019073486 -0.320000022649765
-0.8400000333786011 -0.4880000352859497 -0.320000022649765
-0.9200000166893005 -0.30400002002716064 -0.320000022649765
-0.968000054359436 -0.10400000214576721 -0.320000022649765
-0.968000054359436 0.09600000083446503 -0.320000022649765
-0.9200000166893005 0.29600000381469727 -0.320000022649765
-0.8400000333786011 0.48000001907348633 -0.320000022649765
-0.7200000286102295 0.64000004529953 -0.320000022649765
-0.5680000185966492 0.7760000228881836 -0.320000022649765
-0.4000000059604645 0.8800000548362732 -0.320000022649765
-0.20800000429153442 0.9440000653266907 -0.320000022649765
-0.00800000037997961 0.9600000381469727 -0.320000022649765
0.20800000429153442 0.984000027179718 -0.1120000034570694
0.40800002217292786 0.9200000166893005 -0.1120000034570694
0.5920000076293945 0.8160000443458557 -0.1120000034570694
0.7440000176429749 0.6720000505447388 -0.1120000034570694
0.8720000386238098 0.5040000081062317 -0.1120000034570694
0.9600000381469727 0.31200000643730164 -0.1120000034570694
1.0 0.10400000214576721 -0.1120000034570694
1.0 -0.1120000034570694 -0.1120000034570694
0.9600000381469727 -0.320000022649765 -0.1120000034570694
0.8720000386238098 -0.5120000243186951 -0.1120000034570694
0.7440000176429749 -0.6800000071525574 -0.1120000034570694
0.5920000076293945 -0.8240000605583191 -0.1120000034570694
0.40800002217292786 -0.9280000329017639 -0.1120000034570694
0.20800000429153442 -0.9920000433921814 -0.1120000034570694
0.0 -1.0160000324249268 -0.1120000034570694
-0.2160000056028366 -0.9920000433921814 -0.1120000034570694
-0.41600000858306885 -0.9280000329017639 -0.1120000034570694
-0.6000000238418579 -0.8240000605583191 -0.1120000034570694
-0.7520000338554382 -0.6800000071525574 -0.1120000034570694
-0.8800000548362732 -0.5120000243186951 -0.1120000034570694
-0.968000054359436 -0.320000022649765 -0.1120000034570694
-1.0080000162124634 -0.1120000034570694 -0.1120000034570694
-1.0080000162124634 0.10400000214576721 -0.1120000034570694
-0.968000054359436 0.31200000643730164 -0.1120000034570694
-0.8800000548362732 0.5040000081062317 -0.1120000034570694
-0.7520000338554382 0.6720000505447388 -0.1120000034570694
-0.6000000238418579 0.8160000443458557 -0.1120000034570694
-0.41600000858306885 0.9200000166893005 -0.1120000034570694
-0.2160000056028366 0.984000027179718 -0.1120000034570694
-0.00800000037997961 1.0080000162124634 -0.1120000034570694
0.20800000429153442 0.984000027179718 0.10400000214576721
0.40800002217292786 0.9200000166893005 0.10400000214576721
0.5920000076293945 0.8160000443458557 0.10400000214576721
0.7440000176429749 0.6720000505447388 0.10400000214576721
0.8720000386238098 0.5040000081062317 0.10400000214576721
0.9600000381469727 0.31200000643730164 0.10400000214576721
1.0 0.10400000214576721 0.10400000214576721
1.0 -0.1120000034570694 0.10400000214576721
0.9600000381469727 -0.320000022649765 0.10400000214576721
0.8720000386238098 -0.5120000243186951 0.10400000214576721
0.7440000176429749 -0.6800000071525574 0.10400000214576721
0.5920000076293945 -0.8240000605583191 0.10400000214576721
0.40800002217292786 -0.9280000329017639 0.10400000214576721
0.20800000429153442 -0.9920000433921814 0.10400000214576721
0.0 -1.0160000324249268 0.10400000214576721
-0.2160000056028366 -0.9920000433921814 0.10400000214576721
-0.41600000858306885 -0.9280000329017639 0.10400000214576721
-0.6000000238418579 -0.8240000605583191 0.10400000214576721
-0.7520000338554382 -0.6800000071525574 0.10400000214576721
-0.8800000548362732 -0.5120000243186951 0.10400000214576721
-0.968000054359436 -0.320000022649765 0.10400000214576721
-1.0080000162124634 -0.1120000034570694 0.10400000214576721
-1.0080000162124634 0.10400000214576721 0.10400000214576721
-0.968000054359436 0.31200000643730164 0.10400000214576721
-0.8800000548362732 0.5040000081062317 0.10400000214576721
-0.7520000338554382 0.6720000505447388 0.10400000214576721
-0.6000000238418579 0.8160000443458557 0.10400000214576721
-0.41600000858306885 0.9200000166893005 0.10400000214576721
-0.2160000056028366 0.984000027179718 0.10400000214576721
-0.00800000037997961 1.0080000162124634 0.10400000214576721
0.20000000298023224 0.9440000653266907 0.31200000643730164
0.3920000195503235 0.8800000548362732 0.31200000643730164
0.5600000023841858 0.7760000228881836 0.31200000643730164
0.7120000123977661 0.64000004529953 0.31200000643730164
0.8320000171661377 0.48000001907348633 0.31200000643730164
0.9120000600814819 0.29600000381469727 0.31200000643730164
0.9600000381469727 0.09600000083446503 0.31200000643730164
0.9600000381469727 -0.10400000214576721 0.31200000643730164
0.9120000600814819 -0.30400002002716064 0.31200000643730164
0.8320000171661377 -0.4880000352859497 0.31200000643730164
0.7120000123977661 -0.6480000019073486 0.31200000643730164
0.5600000023841858 -0.784000039100647 0.31200000643730164
0.3920000195503235 -0.8880000710487366 0.31200000643730164
0.20000000298023224 -0.9520000219345093 0.31200000643730164
0.0 -0.968000054359436 0.31200000643730164
-0.20800000429153442 -0.9520000219345093 0.31200000643730164
-0.4000000059604645 -0.8880000710487366 0.31200000643730164
-0.5680000185966492 -0.784000039100647 0.31200000643730164
-0.7200000286102295 -0.6480000019073486 0.31200000643730164
-0.8400000333786011 -0.4880000352859497 0.31200000643730164
-0.9200000166893005 -0.30400002002716064 0.31200000643730164
-0.968000054359436 -0.10400000214576721 0.31200000643730164
-0.968000054359436 0.09600000083446503 0.31200000643730164
-0.9200000166893005 0.29600000381469727 0.31200000643730164
-0.8400000333786011 0.48000001907348633 0.31200000643730164
-0.7200000286102295 0.64000004529953 0.31200000643730164
-0.5680000185966492 0.7760000228881836 0.31200000643730164
-0.4000000059604645 0.8800000548362732 0.31200000643730164
-0.20800000429153442 0.9440000653266907 0.31200000643730164
-0.00800000037997961 0.9600000381469727 0.31200000643730164
0.17600001394748688 0.8560000658035278 0.5040000081062317
0.35200002789497375 0.800000011920929 0.5040000081062317
0.5120000243186951 0.7040000557899475 0.5040000081062317
0.6480000019073486 0.5840000510215759 0.5040000081062317
0.7600000500679016 0.4320000112056732 0.5040000081062317
0.8320000171661377 0.2639999985694885 0.5040000081062317
0.8720000386238098 0.08800000697374344 0.5040000081062317
0.8720000386238098 -0.09600000083446503 0.5040000081062317
0.8320000171661377 -0.2720000147819519 0.5040000081062317
0.7600000500679016 -0.4400000274181366 0.5040000081062317
0.6480000019073486 -0.5920000076293945 0.5040000081062317
0.5120000243186951 -0.7120000123977661 0.5040000081062317
0.35200002789497375 -0.8080000281333923 0.5040000081062317
0.17600001394748688 -0.8640000224113464 0.5040000081062317
0.0 -0.8800000548362732 0.5040000081062317
-0.18400001525878906 -0.8640000224113464 0.5040000081062317
-0.36000001430511475 -0.8080000281333923 0.5040000081062317
-0.5200000405311584 -0.7120000123977661 0.5040000081062317
-0.656000018119812 -0.5920000076293945 0.5040000081062317
-0.7680000066757202 -0.4400000274181366 0.5040000081062317
-0.8400000333786011 -0.2720000147819519 0.5040000081062317
-0.8800000548362732 -0.09600000083446503 0.5040000081062317
-0.8800000548362732 0.08800000697374344 0.5040000081062317
-0.8400000333786011 0.2639999985694885 0.5040000081062317
-0.7680000066757202 0.4320000112056732 0.5040000081062317
-0.656000018119812 0.5840000510215759 0.5040000081062317
-0.5200000405311584 0.7040000557899475 0.5040000081062317
-0.36000001430511475 0.800000011920929 0.5040000081062317
-0.18400001525878906 0.8560000658035278 0.5040000081062317
-0.00800000037997961 0.8720000386238098 0.5040000081062317
0.15200001001358032 0.7360000610351562 0.6720000505447388
0.30400002002716064 0.6880000233650208 0.6720000505447388
0.4400000274181366 0.6080000400543213 0.6720000505447388
0.5600000023841858 0.5040000081062317 0.6720000505447388
0.6480000019073486 0.3760000169277191 0.6720000505447388
0.7120000123977661 0.23200000822544098 0.6720000505447388
0.7440000176429749 0.07200000435113907 0.6720000505447388
0.7440000176429749 -0.08000000566244125 0.6720000505447388
0.7120000123977661 -0.24000000953674316 0.6720000505447388
0.6480000019073486 -0.3840000033378601 0.6720000505447388
0.5600000023841858 -0.5120000243186951 0.6720000505447388
0.4400000274181366 -0.6160000562667847 0.6720000505447388
0.30400002002716064 -0.6960000395774841 0.6720000505447388
0.15200001001358032 -0.7440000176429749 0.6720000505447388
0.0 -0.7600000500679016 0.6720000505447388
-0.1600000113248825 -0.7440000176429749 0.6720000505447388
-0.31200000643730164 -0.6960000395774841 0.6720000505447388
-0.4480000138282776 -0.6160000562667847 0.6720000505447388
-0.5680000185966492 -0.5120000243186951 0.6720000505447388
-0.656000018119812 -0.3840000033378601 0.6720000505447388
-0.7200000286102295 -0.24000000953674316 0.6720000505447388
-0.7520000338554382 -0.08000000566244125 0.6720000505447388
-0.7520000338554382 0.07200000435113907 0.6720000505447388
-0.7200000286102295 0.23200000822544098 0.6720000505447388
-0.656000018119812 0.3760000169277191 0.6720000505447388
-0.5680000185966492 0.5040000081062317 0.6720000505447388
-0.4480000138282776 0.6080000400543213 0.6720000505447388
-0.31200000643730164 0.6880000233650208 0.6720000505447388
-0.1600000113248825 0.7360000610351562 0.6720000505447388
-0.00800000037997961 0.7520000338554382 0.6720000505447388
0.12000000476837158 0.5840000510215759 0.8160000443458557
0.24000000953674316 0.5440000295639038 0.8160000443458557
0.3440000116825104 0.48000001907348633 0.8160000443458557
0.4400000274181366 0.3920000195503235 0.8160000443458557
0.5120000243186951 0.29600000381469727 0.8160000443458557
0.5600000023841858 0.18400001525878906 0.8160000443458557
0.5920000076293945 0.0560000017285347 0.8160000443458557
0.5920000076293945 -0.06400000303983688 0.8160000443458557
0.5600000023841858 -0.19200000166893005 0.8160000443458557
0.5120000243186951 -0.30400002002716064 0.8160000443458557
0.4400000274181366 -0.4000000059604645 0.8160000443458557
0.3440000116825104 -0.4880000352859497 0.8160000443458557
0.24000000953674316 -0.5520000457763672 0.8160000443458557
0.12000000476837158 -0.5920000076293945 0.8160000443458557
0.0 -0.6000000238418579 0.8160000443458557
-0.12800000607967377 -0.5920000076293945 0.8160000443458557
-0.24800001084804535 -0.5520000457763672 0.8160000443458557
-0.35200002789497375 -0.4880000352859497 0.8160000443458557
-0.4480000138282776 -0.4000000059604645 0.8160000443458557
-0.5200000405311584 -0.30400002002716064 0.8160000443458557
-0.5680000185966492 -0.19200000166893005 0.8160000443458557
-0.6000000238418579 -0.06400000303983688 0.8160000443458557
-0.6000000238418579 0.0560000017285347 0.8160000443458557
-0.5680000185966492 0.18400001525878906 0.8160000443458557
-0.5200000405311584 0.29600000381469727 0.8160000443458557
-0.4480000138282776 0.3920000195503235 0.8160000443458557
-0.35200002789497375 0.48000001907348633 0.8160000443458557
-0.24800001084804535 0.5440000295639038 0.8160000443458557
-0.12800000607967377 0.5840000510215759 0.8160000443458557
-0.00800000037997961 0.5920000076293945 0.8160000443458557
0.08000000566244125 0.4000000059604645 0.9280000329017639
0.1680000126361847 0.3760000169277191 0.9280000329017639
0.24000000953674316 0.328000009059906 0.9280000329017639
0.30400002002716064 0.2720000147819519 0.9280000329017639
0.35200002789497375 0.20000000298023224 0.9280000329017639
0.3920000195503235 0.12000000476837158 0.9280000329017639
0.40800002217292786 0.04000000283122063 0.9280000329017639
0.40800002217292786 -0.04800000041723251 0.9280000329017639
0.3920000195503235 -0.12800000607967377 0.9280000329017639
0.35200002789497375 -0.20800000429153442 0.9280000329017639
0.30400002002716064 -0.2800000011920929 0.9280000329017639
0.24000000953674316 -0.3360000252723694 0.9280000329017639
0.1680000126361847 -0.3840000033378601 0.9280000329017639
0.08000000566244125 -0.40800002217292786 0.9280000329017639
0.0 -0.41600000858306885 0.9280000329017639
-0.08800000697374344 -0.40800002217292786 0.9280000329017639
-0.17600001394748688 -0.3840000033378601 0.9280000329017639
-0.24800001084804535 -0.3360000252723694 0.9280000329017639
-0.31200000643730164 -0.2800000011920929 0.9280000329017639
-0.36000001430511475 -0.20800000429153442 0.9280000329017639
-0.4000000059604645 -0.12800000607967377 0.9280000329017639
-0.41600000858306885 -0.04800000041723251 0.9280000329017639
-0.41600000858306885 0.04000000283122063 0.9280000329017639
-0.4000000059604645 0.12000000476837158 0.9280000329017639
-0.36000001430511475 0.20000000298023224 0.9280000329017639
-0.31200000643730164 0.2720000147819519 0.9280000329017639
-0.24800001084804535 0.328000009059906 0.9280000329017639
-0.17600001394748688 0.3760000169277191 0.9280000329017639
-0.08800000697374344 0.4000000059604645 0.9280000329017639
-0.00800000037997961 0.40800002217292786 0.9280000329017639
0.04000000283122063 0.20000000298023224 0.9920000433921814
0.08000000566244125 0.19200000166893005 0.9920000433921814
0.12000000476837158 0.1680000126361847 0.9920000433921814
0.15200001001358032 0.13600000739097595 0.9920000433921814
0.17600001394748688 0.10400000214576721 0.9920000433921814
0.20000000298023224 0.06400000303983688 0.9920000433921814
0.20800000429153442 0.01600000075995922 0.9920000433921814
0.20800000429153442 -0.024000000208616257 0.9920000433921814
0.20000000298023224 -0.07200000435113907 0.9920000433921814
0.17600001394748688 -0.1120000034570694 0.9920000433921814
0.15200001001358032 -0.14400000870227814 0.9920000433921814
0.12000000476837158 -0.17600001394748688 0.9920000433921814
0.08000000566244125 -0.20000000298023224 0.9920000433921814
0.04000000283122063 -0.20800000429153442 0.9920000433921814
0.0 -0.2160000056028366 0.9920000433921814
-0.04800000041723251 -0.20800000429153442 0.9920000433921814
-0.08800000697374344 -0.20000000298023224 0.9920000433921814
-0.12800000607967377 -0.17600001394748688 0.9920000433921814
-0.1600000113248825 -0.14400000870227814 0.9920000433921814
-0.18400001525878906 -0.1120000034570694 0.9920000433921814
-0.20800000429153442 -0.07200000435113907 0.9920000433921814
-0.2160000056028366 -0.024000000208616257 0.9920000433921814
-0.2160000056028366 0.01600000075995922 0.9920000433921814
-0.20800000429153442 0.06400000303983688 0.9920000433921814
-0.18400001525878906 0.10400000214576721 0.9920000433921814
-0.1600000113248825 0.13600000739097595 0.9920000433921814
-0.12800000607967377 0.1680000126361847 0.9920000433921814
-0.08800000697374344 0.19200000166893005 0.9920000433921814
-0.04800000041723251 0.20000000298023224 0.9920000433921814
-0.00800000037997961 0.20800000429153442 0.9920000433921814
0.0 0.0 1.0160000324249268