0.125 0.5 0.125
0.16332000494003296 0.5 0.06764949858188629
0.1767762452363968 0.5 -7.654042828657299e-18
0.16332000494003296 0.5 -0.06764949858188629
0.125 0.5 -0.125
0.06764949858188629 0.5 -0.16332000494003296
0.0 0.5 -0.1767762452363968
-0.06764949858188629 0.5 -0.16332000494003296
-0.125 0.5 -0.125
-0.16332000494003296 0.5 -0.06764949858188629
-0.1767762452363968 0.5 -7.654042828657299e-18
-0.16332000494003296 0.5 0.06764949858188629
-0.125 0.5 0.125
-0.06764937192201614 0.5 0.16332000494003296
1.2500001389526005e-07 0.5 0.1767762452363968
0.06764962524175644 0.5 0.16332000494003296
0.125 -0.5 0.12499987334012985
0.16332000494003296 -0.5 0.06764937192201614
0.1767762452363968 -0.5 -2.500000277905201e-07
0.16332000494003296 -0.5 -0.06764975190162659
0.1249997466802597 -0.5 -0.125
0.06764926016330719 -0.5 -0.16332000494003296
-3.7500004168578016e-07 -0.5 -0.1767762452363968
-0.06764987856149673 -0.5 -0.16332000494003296
-0.125 -0.5 -0.1249997466802597
-0.16332000494003296 -0.5 -0.06764913350343704
-0.1767762452363968 -0.5 5.000000555810402e-07
-0.16332000494003296 -0.5 0.06764999777078629
-0.12499963492155075 -0.5 0.125
-0.0676490068435669 -0.5 0.16332125663757324
6.250000410545908e-07 -0.5 0.1767762452363968
0.06765012443065643 -0.5 0.16332000494003296
0.0 0.5 -7.654042828657299e-18
0.0 -0.5 7.654042828657299e-18