0 1 3
1 2 3
1 19 9
1 9 10
1 10 2
2 10 11
2 11 3
19 25 26
19 26 9
9 26 10
10 26 20
10 20 11
20 26 27
11 20 27
11 27 28
0 3 5
3 11 4
3 4 5
4 11 12
4 12 5
5 12 13
5 13 22
11 28 29
11 29 21
11 21 12
12 21 30
21 29 30
12 30 13
13 30 22
22 30 31
0 5 7
5 22 14
5 14 15
5 15 6
5 6 7
7 6 16
6 15 16
22 31 32
14 22 32
15 14 32
23 15 32
33 23 32
16 15 23
16 23 33
16 33 34
0 7 1
7 16 8
7 8 1
8 16 17
8 17 1
1 17 18
1 18 19
16 34 35
16 35 24
16 24 17
17 24 36
24 35 36
18 17 36
19 18 36
19 36 25
26 25 37
26 37 43
26 43 44
26 44 38
26 38 27
27 38 45
27 45 28
38 44 45
37 53 43
54 44 53
44 43 53
44 54 45
45 54 55
54 53 55
55 53 61
29 28 45
29 45 39
30 29 39
39 45 46
30 39 46
30 46 47
30 47 40
30 40 31
45 55 56
46 45 56
46 56 57
47 46 57
40 47 57
56 55 57
57 55 61
32 31 40
32 40 48
32 48 49
32 49 41
32 41 33
33 41 50
41 49 50
34 33 50
48 40 57
49 48 57
49 57 58
50 49 58
50 58 59
58 57 59
59 57 61
35 34 50
35 50 42
36 35 42
42 50 51
36 42 51
36 51 52
36 52 37
36 37 25
50 59 60
51 50 60
51 60 53
52 51 53
37 52 53
53 60 59
53 59 61