0 9 10
10 1 0
1 10 11
11 2 1
2 11 12
12 3 2
3 12 13
13 4 3
4 13 14
14 5 4
5 14 15
15 6 5
6 15 16
16 7 6
7 16 17
17 8 7
9 18 19
19 10 9
10 19 20
20 11 10
11 20 21
21 12 11
12 21 22
22 13 12
13 22 23
23 14 13
14 23 24
24 15 14
15 24 25
25 16 15
16 25 26
26 17 16
18 27 28
28 19 18
19 28 29
29 20 19
20 29 30
30 21 20
21 30 31
31 22 21
22 31 32
32 23 22
23 32 33
33 24 23
24 33 34
34 25 24
25 34 35
35 26 25
27 36 37
37 28 27
28 37 38
38 29 28
29 38 39
39 30 29
30 39 40
40 31 30
31 40 41
41 32 31
32 41 42
42 33 32
33 42 43
43 34 33
34 43 44
44 35 34
36 45 46
46 37 36
37 46 47
47 38 37
38 47 48
48 39 38
39 48 49
49 40 39
40 49 50
50 41 40
41 50 51
51 42 41
42 51 52
52 43 42
43 52 53
53 44 43
45 54 55
55 46 45
46 55 56
56 47 46
47 56 57
57 48 47
48 57 58
58 49 48
49 58 59
59 50 49
50 59 60
60 51 50
51 60 61
61 52 51
52 61 62
62 53 52
54 63 64
64 55 54
55 64 65
65 56 55
56 65 66
66 57 56
57 66 67
67 58 57
58 67 68
68 59 58
59 68 69
69 60 59
60 69 70
70 61 60
61 70 71
71 62 61
63 72 73
73 64 63
64 73 74
74 65 64
65 74 75
75 66 65
66 75 76
76 67 66
67 76 77
77 68 67
68 77 78
78 69 68
69 78 79
79 70 69
70 79 80
80 71 70
72 81 82
82 73 72
73 82 83
83 74 73
74 83 84
84 75 74
75 84 85
85 76 75
76 85 86
86 77 76
77 86 87
87 78 77
78 87 88
88 79 78
79 88 89
89 80 79
81 90 91
91 82 81
82 91 92
92 83 82
83 92 93
93 84 83
84 93 94
94 85 84
85 94 95
95 86 85
86 95 96
96 87 86
87 96 97
97 88 87
88 97 98
98 89 88
90 99 100
100 91 90
91 100 101
101 92 91
92 101 102
102 93 92
93 102 103
103 94 93
94 103 104
104 95 94
95 104 105
105 96 95
96 105 106
106 97 96
97 106 107
107 98 97
99 108 109
109 100 99
100 109 110
110 101 100
101 110 111
111 102 101
102 111 112
112 103 102
103 112 113
113 104 103
104 113 114
114 105 104
105 114 115
115 106 105
106 115 116
116 107 106
108 117 118
118 109 108
109 118 119
119 110 109
110 119 120
120 111 110
111 120 121
121 112 111
112 121 122
122 113 112
113 122 123
123 114 113
114 123 124
124 115 114
115 124 125
125 116 115
117 126 127
127 118 117
118 127 128
128 119 118
119 128 129
129 120 119
120 129 130
130 121 120
121 130 131
131 122 121
122 131 132
132 123 122
123 132 133
133 124 123
124 133 134
134 125 124
126 135 136
136 127 126
127 136 137
137 128 127
128 137 138
138 129 128
129 138 139
139 130 129
130 139 140
140 131 130
131 140 141
141 132 131
132 141 142
142 133 132
133 142 143
143 134 133
135 144 145
145 136 135
136 145 146
146 137 136
137 146 147
147 138 137
138 147 148
148 139 138
139 148 149
149 140 139
140 149 150
150 141 140
141 150 151
151 142 141
142 151 152
152 143 142
144 153 154
154 145 144
145 154 155
155 146 145
146 155 156
156 147 146
147 156 157
157 148 147
148 157 158
158 149 148
149 158 159
159 150 149
150 159 160
160 151 150
151 160 161
161 152 151
153 162 163
163 154 153
154 163 164
164 155 154
155 164 165
165 156 155
156 165 166
166 157 156
157 166 167
167 158 157
158 167 168
168 159 158
159 168 169
169 160 159
160 169 170
170 161 160
162 171 172
172 163 162
163 172 173
173 164 163
164 173 174
174 165 164
165 174 175
175 166 165
166 175 176
176 167 166
167 176 177
177 168 167
168 177 178
178 169 168
169 178 179
179 170 169
171 180 181
181 172 171
172 181 182
182 173 172
173 182 183
183 174 173
174 183 184
184 175 174
175 184 185
185 176 175
176 185 186
186 177 176
177 186 187
187 178 177
178 187 188
188 179 178
180 189 190
190 181 180
181 190 191
191 182 181
182 191 192
192 183 182
183 192 193
193 184 183
184 193 194
194 185 184
185 194 195
195 186 185
186 195 196
196 187 186
187 196 197
197 188 187
189 198 199
199 190 189
190 199 200
200 191 190
191 200 201
201 192 191
192 201 202
202 193 192
193 202 203
203 194 193
194 203 204
204 195 194
195 204 205
205 196 195
196 205 206
206 197 196
198 207 208
208 199 198
199 208 209
209 200 199
200 209 210
210 201 200
201 210 211
211 202 201
202 211 212
212 203 202
203 212 213
213 204 203
204 213 214
214 205 204
205 214 215
215 206 205
207 216 217
217 208 207
208 217 218
218 209 208
209 218 219
219 210 209
210 219 220
220 211 210
211 220 221
221 212 211
212 221 222
222 213 212
213 222 223
223 214 213
214 223 224
224 215 214
216 225 226
226 217 216
217 226 227
227 218 217
218 227 228
228 219 218
219 228 229
229 220 219
220 229 230
230 221 220
221 230 231
231 222 221
222 231 232
232 223 222
223 232 233
233 224 223
225 234 235
235 226 225
226 235 236
236 227 226
227 236 237
237 228 227
228 237 238
238 229 228
229 238 239
239 230 229
230 239 240
240 231 230
231 240 241
241 232 231
232 241 242
242 233 232
234 243 244
244 235 234
235 244 245
245 236 235
236 245 246
246 237 236
237 246 247
247 238 237
238 247 248
248 239 238
239 248 249
249 240 239
240 249 250
250 241 240
241 250 251
251 242 241
243 252 253
253 244 243
244 253 254
254 245 244
245 254 255
255 246 245
246 255 256
256 247 246
247 256 257
257 248 247
248 257 258
258 249 248
249 258 259
259 250 249
250 259 260
260 251 250
252 261 262
262 253 252
253 262 263
263 254 253
254 263 264
264 255 254
255 264 265
265 256 255
256 265 266
266 257 256
257 266 267
267 258 257
258 267 268
268 259 258
259 268 269
269 260 259
261 270 271
271 262 261
262 271 272
272 263 262
263 272 273
273 264 263
264 273 274
274 265 264
265 274 275
275 266 265
266 275 276
276 267 266
267 276 277
277 268 267
268 277 278
278 269 268
270 279 280
280 271 270
271 280 281
281 272 271
272 281 282
282 273 272
273 282 283
283 274 273
274 283 284
284 275 274
275 284 285
285 276 275
276 285 286
286 277 276
277 286 287
287 278 277
279 0 1
1 280 279
280 1 2
2 281 280
281 2 3
3 282 281
282 3 4
4 283 282
283 4 5
5 284 283
284 5 6
6 285 284
285 6 7
7 286 285
286 7 8
8 287 286
8 17 296
296 288 8
288 296 297
297 289 288
289 297 298
298 290 289
290 298 299
299 291 290
291 299 300
300 292 291
292 300 301
301 293 292
293 301 302
302 294 293
294 302 303
303 295 294
17 26 304
304 296 17
296 304 305
305 297 296
297 305 306
306 298 297
298 306 307
307 299 298
299 307 308
308 300 299
300 308 309
309 301 300
301 309 310
310 302 301
302 310 311
311 303 302
26 35 312
312 304 26
304 312 313
313 305 304
305 313 314
314 306 305
306 314 315
315 307 306
307 315 316
316 308 307
308 316 317
317 309 308
309 317 318
318 310 309
310 318 319
319 311 310
35 44 320
320 312 35
312 320 321
321 313 312
313 321 322
322 314 313
314 322 323
323 315 314
315 323 324
324 316 315
316 324 325
325 317 316
317 325 326
326 318 317
318 326 327
327 319 318
44 53 328
328 320 44
320 328 329
329 321 320
321 329 330
330 322 321
322 330 331
331 323 322
323 331 332
332 324 323
324 332 333
333 325 324
325 333 334
334 326 325
326 334 335
335 327 326
53 62 336
336 328 53
328 336 337
337 329 328
329 337 338
338 330 329
330 338 339
339 331 330
331 339 340
340 332 331
332 340 341
341 333 332
333 341 342
342 334 333
334 342 343
343 335 334
62 71 344
344 336 62
336 344 345
345 337 336
337 345 346
346 338 337
338 346 347
347 339 338
339 347 348
348 340 339
340 348 349
349 341 340
341 349 350
350 342 341
342 350 351
351 343 342
71 80 352
352 344 71
344 352 353
353 345 344
345 353 354
354 346 345
346 354 355
355 347 346
347 355 356
356 348 347
348 356 357
357 349 348
349 357 358
358 350 349
350 358 359
359 351 350
80 89 360
360 352 80
352 360 361
361 353 352
353 361 362
362 354 353
354 362 363
363 355 354
355 363 364
364 356 355
356 364 365
365 357 356
357 365 366
366 358 357
358 366 367
367 359 358
89 98 368
368 360 89
360 368 369
369 361 360
361 369 370
370 362 361
362 370 371
371 363 362
363 371 372
372 364 363
364 372 373
373 365 364
365 373 374
374 366 365
366 374 375
375 367 366
98 107 376
376 368 98
368 376 377
377 369 368
369 377 378
378 370 369
370 378 379
379 371 370
371 379 380
380 372 371
372 380 381
381 373 372
373 381 382
382 374 373
374 382 383
383 375 374
107 116 384
384 376 107
376 384 385
385 377 376
377 385 386
386 378 377
378 386 387
387 379 378
379 387 388
388 380 379
380 388 389
389 381 380
381 389 390
390 382 381
382 390 391
391 383 382
116 125 392
392 384 116
384 392 393
393 385 384
385 393 394
394 386 385
386 394 395
395 387 386
387 395 396
396 388 387
388 396 397
397 389 388
389 397 398
398 390 389
390 398 399
399 391 390
125 134 400
400 392 125
392 400 401
401 393 392
393 401 402
402 394 393
394 402 403
403 395 394
395 403 404
404 396 395
396 404 405
405 397 396
397 405 406
406 398 397
398 406 407
407 399 398
134 143 408
408 400 134
400 408 409
409 401 400
401 409 410
410 402 401
402 410 411
411 403 402
403 411 412
412 404 403
404 412 413
413 405 404
405 413 414
414 406 405
406 414 415
415 407 406
143 152 416
416 408 143
408 416 417
417 409 408
409 417 418
418 410 409
410 418 419
419 411 410
411 419 420
420 412 411
412 420 421
421 413 412
413 421 422
422 414 413
414 422 423
423 415 414
152 161 424
424 416 152
416 424 425
425 417 416
417 425 426
426 418 417
418 426 427
427 419 418
419 427 428
428 420 419
420 428 429
429 421 420
421 429 430
430 422 421
422 430 431
431 423 422
161 170 432
432 424 161
424 432 433
433 425 424
425 433 434
434 426 425
426 434 435
435 427 426
427 435 436
436 428 427
428 436 437
437 429 428
429 437 438
438 430 429
430 438 439
439 431 430
170 179 440
440 432 170
432 440 441
441 433 432
433 441 442
442 434 433
434 442 443
443 435 434
435 443 444
444 436 435
436 444 445
445 437 436
437 445 446
446 438 437
438 446 447
447 439 438
179 188 448
448 440 179
440 448 449
449 441 440
441 449 450
450 442 441
442 450 451
451 443 442
443 451 452
452 444 443
444 452 453
453 445 444
445 453 454
454 446 445
446 454 455
455 447 446
188 197 456
456 448 188
448 456 457
457 449 448
449 457 458
458 450 449
450 458 459
459 451 450
451 459 460
460 452 451
452 460 461
461 453 452
453 461 462
462 454 453
454 462 463
463 455 454
197 206 464
464 456 197
456 464 465
465 457 456
457 465 466
466 458 457
458 466 467
467 459 458
459 467 468
468 460 459
460 468 469
469 461 460
461 469 470
470 462 461
462 470 471
471 463 462
206 215 472
472 464 206
464 472 473
473 465 464
465 473 474
474 466 465
466 474 475
475 467 466
467 475 476
476 468 467
468 476 477
477 469 468
469 477 478
478 470 469
470 478 479
479 471 470
215 224 480
480 472 215
472 480 481
481 473 472
473 481 482
482 474 473
474 482 483
483 475 474
475 483 484
484 476 475
476 484 485
485 477 476
477 485 486
486 478 477
478 486 487
487 479 478
224 233 488
488 480 224
480 488 489
489 481 480
481 489 490
490 482 481
482 490 491
491 483 482
483 491 492
492 484 483
484 492 493
493 485 484
485 493 494
494 486 485
486 494 495
495 487 486
233 242 496
496 488 233
488 496 497
497 489 488
489 497 498
498 490 489
490 498 499
499 491 490
491 499 500
500 492 491
492 500 501
501 493 492
493 501 502
502 494 493
494 502 503
503 495 494
242 251 504
504 496 242
496 504 505
505 497 496
497 505 506
506 498 497
498 506 507
507 499 498
499 507 508
508 500 499
500 508 509
509 501 500
501 509 510
510 502 501
502 510 511
511 503 502
251 260 512
512 504 251
504 512 513
513 505 504
505 513 514
514 506 505
506 514 515
515 507 506
507 515 516
516 508 507
508 516 517
517 509 508
509 517 518
518 510 509
510 518 519
519 511 510
260 269 520
520 512 260
512 520 521
521 513 512
513 521 522
522 514 513
514 522 523
523 515 514
515 523 524
524 516 515
516 524 525
525 517 516
517 525 526
526 518 517
518 526 527
527 519 518
269 278 528
528 520 269
520 528 529
529 521 520
521 529 530
530 522 521
522 530 531
531 523 522
523 531 532
532 524 523
524 532 533
533 525 524
525 533 534
534 526 525
526 534 535
535 527 526
278 287 536
536 528 278
528 536 537
537 529 528
529 537 538
538 530 529
530 538 539
539 531 530
531 539 540
540 532 531
532 540 541
541 533 532
533 541 542
542 534 533
534 542 543
543 535 534
287 8 288
288 536 287
536 288 289
289 537 536
537 289 290
290 538 537
538 290 291
291 539 538
539 291 292
292 540 539
540 292 293
293 541 540
541 293 294
294 542 541
542 294 295
295 543 542
295 303 552
552 544 295
544 552 553
553 545 544
545 553 554
554 546 545
546 554 555
555 547 546
547 555 556
556 548 547
548 556 557
557 549 548
549 557 558
558 550 549
550 558 559
559 551 550
303 311 560
560 552 303
552 560 561
561 553 552
553 561 562
562 554 553
554 562 563
563 555 554
555 563 564
564 556 555
556 564 565
565 557 556
557 565 566
566 558 557
558 566 567
567 559 558
311 319 568
568 560 311
560 568 569
569 561 560
561 569 570
570 562 561
562 570 571
571 563 562
563 571 572
572 564 563
564 572 573
573 565 564
565 573 574
574 566 565
566 574 575
575 567 566
319 327 576
576 568 319
568 576 577
577 569 568
569 577 578
578 570 569
570 578 579
579 571 570
571 579 580
580 572 571
572 580 581
581 573 572
573 581 582
582 574 573
574 582 583
583 575 574
327 335 584
584 576 327
576 584 585
585 577 576
577 585 586
586 578 577
578 586 587
587 579 578
579 587 588
588 580 579
580 588 589
589 581 580
581 589 590
590 582 581
582 590 591
591 583 582
335 343 592
592 584 335
584 592 593
593 585 584
585 593 594
594 586 585
586 594 595
595 587 586
587 595 596
596 588 587
588 596 597
597 589 588
589 597 598
598 590 589
590 598 599
599 591 590
343 351 600
600 592 343
592 600 601
601 593 592
593 601 602
602 594 593
594 602 603
603 595 594
595 603 604
604 596 595
596 604 605
605 597 596
597 605 606
606 598 597
598 606 607
607 599 598
351 359 608
608 600 351
600 608 609
609 601 600
601 609 610
610 602 601
602 610 611
611 603 602
603 611 612
612 604 603
604 612 613
613 605 604
605 613 614
614 606 605
606 614 615
615 607 606
359 367 616
616 608 359
608 616 617
617 609 608
609 617 618
618 610 609
610 618 619
619 611 610
611 619 620
620 612 611
612 620 621
621 613 612
613 621 622
622 614 613
614 622 623
623 615 614
367 375 624
624 616 367
616 624 625
625 617 616
617 625 626
626 618 617
618 626 627
627 619 618
619 627 628
628 620 619
620 628 629
629 621 620
621 629 630
630 622 621
622 630 631
631 623 622
375 383 632
632 624 375
624 632 633
633 625 624
625 633 634
634 626 625
626 634 635
635 627 626
627 635 636
636 628 627
628 636 637
637 629 628
629 637 638
638 630 629
630 638 639
639 631 630
383 391 640
640 632 383
632 640 641
641 633 632
633 641 642
642 634 633
634 642 643
643 635 634
635 643 644
644 636 635
636 644 645
645 637 636
637 645 646
646 638 637
638 646 647
647 639 638
391 399 648
648 640 391
640 648 649
649 641 640
641 649 650
650 642 641
642 650 651
651 643 642
643 651 652
652 644 643
644 652 653
653 645 644
645 653 654
654 646 645
646 654 655
655 647 646
399 407 656
656 648 399
648 656 657
657 649 648
649 657 658
658 650 649
650 658 659
659 651 650
651 659 660
660 652 651
652 660 661
661 653 652
653 661 662
662 654 653
654 662 663
663 655 654
407 415 664
664 656 407
656 664 665
665 657 656
657 665 666
666 658 657
658 666 667
667 659 658
659 667 668
668 660 659
660 668 669
669 661 660
661 669 670
670 662 661
662 670 671
671 663 662
415 423 672
672 664 415
664 672 673
673 665 664
665 673 674
674 666 665
666 674 675
675 667 666
667 675 676
676 668 667
668 676 677
677 669 668
669 677 678
678 670 669
670 678 679
679 671 670
423 431 680
680 672 423
672 680 681
681 673 672
673 681 682
682 674 673
674 682 683
683 675 674
675 683 684
684 676 675
676 684 685
685 677 676
677 685 686
686 678 677
678 686 687
687 679 678
431 439 688
688 680 431
680 688 689
689 681 680
681 689 690
690 682 681
682 690 691
691 683 682
683 691 692
692 684 683
684 692 693
693 685 684
685 693 694
694 686 685
686 694 695
695 687 686
439 447 696
696 688 439
688 696 697
697 689 688
689 697 698
698 690 689
690 698 699
699 691 690
691 699 700
700 692 691
692 700 701
701 693 692
693 701 702
702 694 693
694 702 703
703 695 694
447 455 704
704 696 447
696 704 705
705 697 696
697 705 706
706 698 697
698 706 707
707 699 698
699 707 708
708 700 699
700 708 709
709 701 700
701 709 710
710 702 701
702 710 711
711 703 702
455 463 712
712 704 455
704 712 713
713 705 704
705 713 714
714 706 705
706 714 715
715 707 706
707 715 716
716 708 707
708 716 717
717 709 708
709 717 718
718 710 709
710 718 719
719 711 710
463 471 720
720 712 463
712 720 721
721 713 712
713 721 722
722 714 713
714 722 723
723 715 714
715 723 724
724 716 715
716 724 725
725 717 716
717 725 726
726 718 717
718 726 727
727 719 718
471 479 728
728 720 471
720 728 729
729 721 720
721 729 730
730 722 721
722 730 731
731 723 722
723 731 732
732 724 723
724 732 733
733 725 724
725 733 734
734 726 725
726 734 735
735 727 726
479 487 736
736 728 479
728 736 737
737 729 728
729 737 738
738 730 729
730 738 739
739 731 730
731 739 740
740 732 731
732 740 741
741 733 732
733 741 742
742 734 733
734 742 743
743 735 734
487 495 744
744 736 487
736 744 745
745 737 736
737 745 746
746 738 737
738 746 747
747 739 738
739 747 748
748 740 739
740 748 749
749 741 740
741 749 750
750 742 741
742 750 751
751 743 742
495 503 752
752 744 495
744 752 753
753 745 744
745 753 754
754 746 745
746 754 755
755 747 746
747 755 756
756 748 747
748 756 757
757 749 748
749 757 758
758 750 749
750 758 759
759 751 750
503 511 760
760 752 503
752 760 761
761 753 752
753 761 762
762 754 753
754 762 763
763 755 754
755 763 764
764 756 755
756 764 765
765 757 756
757 765 766
766 758 757
758 766 767
767 759 758
511 519 768
768 760 511
760 768 769
769 761 760
761 769 770
770 762 761
762 770 771
771 763 762
763 771 772
772 764 763
764 772 773
773 765 764
765 773 774
774 766 765
766 774 775
775 767 766
519 527 776
776 768 519
768 776 777
777 769 768
769 777 778
778 770 769
770 778 779
779 771 770
771 779 780
780 772 771
772 780 781
781 773 772
773 781 782
782 774 773
774 782 783
783 775 774
527 535 784
784 776 527
776 784 785
785 777 776
777 785 786
786 778 777
778 786 787
787 779 778
779 787 788
788 780 779
780 788 789
789 781 780
781 789 790
790 782 781
782 790 791
791 783 782
535 543 792
792 784 535
784 792 793
793 785 784
785 793 794
794 786 785
786 794 795
795 787 786
787 795 796
796 788 787
788 796 797
797 789 788
789 797 798
798 790 789
790 798 799
799 791 790
543 295 544
544 792 543
792 544 545
545 793 792
793 545 546
546 794 793
794 546 547
547 795 794
795 547 548
548 796 795
796 548 549
549 797 796
797 549 550
550 798 797
798 550 551
551 799 798
551 559 808
808 800 551
800 808 809
809 801 800
801 809 810
810 802 801
802 810 811
811 803 802
803 811 812
812 804 803
804 812 813
813 805 804
805 813 814
814 806 805
806 814 807
559 567 815
815 808 559
808 815 816
816 809 808
809 816 817
817 810 809
810 817 818
818 811 810
811 818 819
819 812 811
812 819 820
820 813 812
813 820 821
821 814 813
814 821 807
567 575 822
822 815 567
815 822 823
823 816 815
816 823 824
824 817 816
817 824 825
825 818 817
818 825 826
826 819 818
819 826 827
827 820 819
820 827 828
828 821 820
821 828 807
575 583 829
829 822 575
822 829 830
830 823 822
823 830 831
831 824 823
824 831 832
832 825 824
825 832 833
833 826 825
826 833 834
834 827 826
827 834 835
835 828 827
828 835 807
583 591 836
836 829 583
829 836 837
837 830 829
830 837 838
838 831 830
831 838 839
839 832 831
832 839 840
840 833 832
833 840 841
841 834 833
834 841 842
842 835 834
835 842 807
591 599 843
843 836 591
836 843 844
844 837 836
837 844 845
845 838 837
838 845 846
846 839 838
839 846 847
847 840 839
840 847 848
848 841 840
841 848 849
849 842 841
842 849 807
599 607 850
850 843 599
843 850 851
851 844 843
844 851 852
852 845 844
845 852 853
853 846 845
846 853 854
854 847 846
847 854 855
855 848 847
848 855 856
856 849 848
849 856 807
607 615 857
857 850 607
850 857 858
858 851 850
851 858 859
859 852 851
852 859 860
860 853 852
853 860 861
861 854 853
854 861 862
862 855 854
855 862 863
863 856 855
856 863 807
615 623 864
864 857 615
857 864 865
865 858 857
858 865 866
866 859 858
859 866 867
867 860 859
860 867 868
868 861 860
861 868 869
869 862 861
862 869 870
870 863 862
863 870 807
623 631 871
871 864 623
864 871 872
872 865 864
865 872 873
873 866 865
866 873 874
874 867 866
867 874 875
875 868 867
868 875 876
876 869 868
869 876 877
877 870 869
870 877 807
631 639 878
878 871 631
871 878 879
879 872 871
872 879 880
880 873 872
873 880 881
881 874 873
874 881 882
882 875 874
875 882 883
883 876 875
876 883 884
884 877 876
877 884 807
639 647 885
885 878 639
878 885 886
886 879 878
879 886 887
887 880 879
880 887 888
888 881 880
881 888 889
889 882 881
882 889 890
890 883 882
883 890 891
891 884 883
884 891 807
647 655 892
892 885 647
885 892 893
893 886 885
886 893 894
894 887 886
887 894 895
895 888 887
888 895 896
896 889 888
889 896 897
897 890 889
890 897 898
898 891 890
891 898 807
655 663 899
899 892 655
892 899 900
900 893 892
893 900 901
901 894 893
894 901 902
902 895 894
895 902 903
903 896 895
896 903 904
904 897 896
897 904 905
905 898 897
898 905 807
663 671 906
906 899 663
899 906 907
907 900 899
900 907 908
908 901 900
901 908 909
909 902 901
902 909 910
910 903 902
903 910 911
911 904 903
904 911 912
912 905 904
905 912 807
671 679 913
913 906 671
906 913 914
914 907 906
907 914 915
915 908 907
908 915 916
916 909 908
909 916 917
917 910 909
910 917 918
918 911 910
911 918 919
919 912 911
912 919 807
679 687 920
920 913 679
913 920 921
921 914 913
914 921 922
922 915 914
915 922 923
923 916 915
916 923 924
924 917 916
917 924 925
925 918 917
918 925 926
926 919 918
919 926 807
687 695 927
927 920 687
920 927 928
928 921 920
921 928 929
929 922 921
922 929 930
930 923 922
923 930 931
931 924 923
924 931 932
932 925 924
925 932 933
933 926 925
926 933 807
695 703 934
934 927 695
927 934 935
935 928 927
928 935 936
936 929 928
929 936 937
937 930 929
930 937 938
938 931 930
931 938 939
939 932 931
932 939 940
940 933 932
933 940 807
703 711 941
941 934 703
934 941 942
942 935 934
935 942 943
943 936 935
936 943 944
944 937 936
937 944 945
945 938 937
938 945 946
946 939 938
939 946 947
947 940 939
940 947 807
711 719 948
948 941 711
941 948 949
949 942 941
942 949 950
950 943 942
943 950 951
951 944 943
944 951 952
952 945 944
945 952 953
953 946 945
946 953 954
954 947 946
947 954 807
719 727 955
955 948 719
948 955 956
956 949 948
949 956 957
957 950 949
950 957 958
958 951 950
951 958 959
959 952 951
952 959 960
960 953 952
953 960 961
961 954 953
954 961 807
727 735 962
962 955 727
955 962 963
963 956 955
956 963 964
964 957 956
957 964 965
965 958 957
958 965 966
966 959 958
959 966 967
967 960 959
960 967 968
968 961 960
961 968 807
735 743 969
969 962 735
962 969 970
970 963 962
963 970 971
971 964 963
964 971 972
972 965 964
965 972 973
973 966 965
966 973 974
974 967 966
967 974 975
975 968 967
968 975 807
743 751 976
976 969 743
969 976 977
977 970 969
970 977 978
978 971 970
971 978 979
979 972 971
972 979 980
980 973 972
973 980 981
981 974 973
974 981 982
982 975 974
975 982 807
751 759 983
983 976 751
976 983 984
984 977 976
977 984 985
985 978 977
978 985 986
986 979 978
979 986 987
987 980 979
980 987 988
988 981 980
981 988 989
989 982 981
982 989 807
759 767 990
990 983 759
983 990 991
991 984 983
984 991 992
992 985 984
985 992 993
993 986 985
986 993 994
994 987 986
987 994 995
995 988 987
988 995 996
996 989 988
989 996 807
767 775 997
997 990 767
990 997 998
998 991 990
991 998 999
999 992 991
992 999 1000
1000 993 992
993 1000 1001
1001 994 993
994 1001 1002
1002 995 994
995 1002 1003
1003 996 995
996 1003 807
775 783 1004
1004 997 775
997 1004 1005
1005 998 997
998 1005 1006
1006 999 998
999 1006 1007
1007 1000 999
1000 1007 1008
1008 1001 1000
1001 1008 1009
1009 1002 1001
1002 1009 1010
1010 1003 1002
1003 1010 807
783 791 1011
1011 1004 783
1004 1011 1012
1012 1005 1004
1005 1012 1013
1013 1006 1005
1006 1013 1014
1014 1007 1006
1007 1014 1015
1015 1008 1007
1008 1015 1016
1016 1009 1008
1009 1016 1017
1017 1010 1009
1010 1017 807
791 799 1018
1018 1011 791
1011 1018 1019
1019 1012 1011
1012 1019 1020
1020 1013 1012
1013 1020 1021
1021 1014 1013
1014 1021 1022
1022 1015 1014
1015 1022 1023
1023 1016 1015
1016 1023 1024
1024 1017 1016
1017 1024 807
799 551 800
800 1018 799
1018 800 801
801 1019 1018
1019 801 802
802 1020 1019
1020 802 803
803 1021 1020
1021 803 804
804 1022 1021
1022 804 805
805 1023 1022
1023 805 806
806 1024 1023
1024 806 807
1025 1034 1035
1035 1026 1025
1026 1035 1036
1036 1027 1026
1027 1036 1037
1037 1028 1027
1028 1037 1038
1038 1029 1028
1029 1038 1039
1039 1030 1029
1030 1039 1040
1040 1031 1030
1031 1040 1041
1041 1032 1031
1032 1041 1042
1042 1033 1032
1034 1043 1044
1044 1035 1034
1035 1044 1045
1045 1036 1035
1036 1045 1046
1046 1037 1036
1037 1046 1047
1047 1038 1037
1038 1047 1048
1048 1039 1038
1039 1048 1049
1049 1040 1039
1040 1049 1050
1050 1041 1040
1041 1050 1051
1051 1042 1041
1043 1052 1053
1053 1044 1043
1044 1053 1054
1054 1045 1044
1045 1054 1055
1055 1046 1045
1046 1055 1056
1056 1047 1046
1047 1056 1057
1057 1048 1047
1048 1057 1058
1058 1049 1048
1049 1058 1059
1059 1050 1049
1050 1059 1060
1060 1051 1050
1052 1061 1062
1062 1053 1052
1053 1062 1063
1063 1054 1053
1054 1063 1064
1064 1055 1054
1055 1064 1065
1065 1056 1055
1056 1065 1066
1066 1057 1056
1057 1066 1067
1067 1058 1057
1058 1067 1068
1068 1059 1058
1059 1068 1069
1069 1060 1059
1061 1070 1071
1071 1062 1061
1062 1071 1072
1072 1063 1062
1063 1072 1073
1073 1064 1063
1064 1073 1074
1074 1065 1064
1065 1074 1075
1075 1066 1065
1066 1075 1076
1076 1067 1066
1067 1076 1077
1077 1068 1067
1068 1077 1078
1078 1069 1068
1070 1079 1080
1080 1071 1070
1071 1080 1081
1081 1072 1071
1072 1081 1082
1082 1073 1072
1073 1082 1083
1083 1074 1073
1074 1083 1084
1084 1075 1074
1075 1084 1085
1085 1076 1075
1076 1085 1086
1086 1077 1076
1077 1086 1087
1087 1078 1077
1079 1088 1089
1089 1080 1079
1080 1089 1090
1090 1081 1080
1081 1090 1091
1091 1082 1081
1082 1091 1092
1092 1083 1082
1083 1092 1093
1093 1084 1083
1084 1093 1094
1094 1085 1084
1085 1094 1095
1095 1086 1085
1086 1095 1096
1096 1087 1086
1088 1097 1098
1098 1089 1088
1089 1098 1099
1099 1090 1089
1090 1099 1100
1100 1091 1090
1091 1100 1101
1101 1092 1091
1092 1101 1102
1102 1093 1092
1093 1102 1103
1103 1094 1093
1094 1103 1104
1104 1095 1094
1095 1104 1105
1105 1096 1095
1097 1106 1107
1107 1098 1097
1098 1107 1108
1108 1099 1098
1099 1108 1109
1109 1100 1099
1100 1109 1110
1110 1101 1100
1101 1110 1111
1111 1102 1101
1102 1111 1112
1112 1103 1102
1103 1112 1113
1113 1104 1103
1104 1113 1114
1114 1105 1104
1106 1115 1116
1116 1107 1106
1107 1116 1117
1117 1108 1107
1108 1117 1118
1118 1109 1108
1109 1118 1119
1119 1110 1109
1110 1119 1120
1120 1111 1110
1111 1120 1121
1121 1112 1111
1112 1121 1122
1122 1113 1112
1113 1122 1123
1123 1114 1113
1115 1124 1125
1125 1116 1115
1116 1125 1126
1126 1117 1116
1117 1126 1127
1127 1118 1117
1118 1127 1128
1128 1119 1118
1119 1128 1129
1129 1120 1119
1120 1129 1130
1130 1121 1120
1121 1130 1131
1131 1122 1121
1122 1131 1132
1132 1123 1122
1124 1133 1134
1134 1125 1124
1125 1134 1135
1135 1126 1125
1126 1135 1136
1136 1127 1126
1127 1136 1137
1137 1128 1127
1128 1137 1138
1138 1129 1128
1129 1138 1139
1139 1130 1129
1130 1139 1140
1140 1131 1130
1131 1140 1141
1141 1132 1131
1133 1142 1143
1143 1134 1133
1134 1143 1144
1144 1135 1134
1135 1144 1145
1145 1136 1135
1136 1145 1146
1146 1137 1136
1137 1146 1147
1147 1138 1137
1138 1147 1148
1148 1139 1138
1139 1148 1149
1149 1140 1139
1140 1149 1150
1150 1141 1140
1142 1151 1152
1152 1143 1142
1143 1152 1153
1153 1144 1143
1144 1153 1154
1154 1145 1144
1145 1154 1155
1155 1146 1145
1146 1155 1156
1156 1147 1146
1147 1156 1157
1157 1148 1147
1148 1157 1158
1158 1149 1148
1149 1158 1159
1159 1150 1149
1151 1160 1161
1161 1152 1151
1152 1161 1162
1162 1153 1152
1153 1162 1163
1163 1154 1153
1154 1163 1164
1164 1155 1154
1155 1164 1165
1165 1156 1155
1156 1165 1166
1166 1157 1156
1157 1166 1167
1167 1158 1157
1158 1167 1168
1168 1159 1158
1160 1025 1026
1026 1161 1160
1161 1026 1027
1027 1162 1161
1162 1027 1028
1028 1163 1162
1163 1028 1029
1029 1164 1163
1164 1029 1030
1030 1165 1164
1165 1030 1031
1031 1166 1165
1166 1031 1032
1032 1167 1166
1167 1032 1033
1033 1168 1167
1033 1042 1177
1177 1169 1033
1169 1177 1178
1178 1170 1169
1170 1178 1179
1179 1171 1170
1171 1179 1180
1180 1172 1171
1172 1180 1181
1181 1173 1172
1173 1181 1182
1182 1174 1173
1174 1182 1183
1183 1175 1174
1175 1183 1184
1184 1176 1175
1042 1051 1185
1185 1177 1042
1177 1185 1186
1186 1178 1177
1178 1186 1187
1187 1179 1178
1179 1187 1188
1188 1180 1179
1180 1188 1189
1189 1181 1180
1181 1189 1190
1190 1182 1181
1182 1190 1191
1191 1183 1182
1183 1191 1192
1192 1184 1183
1051 1060 1193
1193 1185 1051
1185 1193 1194
1194 1186 1185
1186 1194 1195
1195 1187 1186
1187 1195 1196
1196 1188 1187
1188 1196 1197
1197 1189 1188
1189 1197 1198
1198 1190 1189
1190 1198 1199
1199 1191 1190
1191 1199 1200
1200 1192 1191
1060 1069 1201
1201 1193 1060
1193 1201 1202
1202 1194 1193
1194 1202 1203
1203 1195 1194
1195 1203 1204
1204 1196 1195
1196 1204 1205
1205 1197 1196
1197 1205 1206
1206 1198 1197
1198 1206 1207
1207 1199 1198
1199 1207 1208
1208 1200 1199
1069 1078 1209
1209 1201 1069
1201 1209 1210
1210 1202 1201
1202 1210 1211
1211 1203 1202
1203 1211 1212
1212 1204 1203
1204 1212 1213
1213 1205 1204
1205 1213 1214
1214 1206 1205
1206 1214 1215
1215 1207 1206
1207 1215 1216
1216 1208 1207
1078 1087 1217
1217 1209 1078
1209 1217 1218
1218 1210 1209
1210 1218 1219
1219 1211 1210
1211 1219 1220
1220 1212 1211
1212 1220 1221
1221 1213 1212
1213 1221 1222
1222 1214 1213
1214 1222 1223
1223 1215 1214
1215 1223 1224
1224 1216 1215
1087 1096 1225
1225 1217 1087
1217 1225 1226
1226 1218 1217
1218 1226 1227
1227 1219 1218
1219 1227 1228
1228 1220 1219
1220 1228 1229
1229 1221 1220
1221 1229 1230
1230 1222 1221
1222 1230 1231
1231 1223 1222
1223 1231 1232
1232 1224 1223
1096 1105 1233
1233 1225 1096
1225 1233 1234
1234 1226 1225
1226 1234 1235
1235 1227 1226
1227 1235 1236
1236 1228 1227
1228 1236 1237
1237 1229 1228
1229 1237 1238
1238 1230 1229
1230 1238 1239
1239 1231 1230
1231 1239 1240
1240 1232 1231
1105 1114 1241
1241 1233 1105
1233 1241 1242
1242 1234 1233
1234 1242 1243
1243 1235 1234
1235 1243 1244
1244 1236 1235
1236 1244 1245
1245 1237 1236
1237 1245 1246
1246 1238 1237
1238 1246 1247
1247 1239 1238
1239 1247 1248
1248 1240 1239
1114 1123 1249
1249 1241 1114
1241 1249 1250
1250 1242 1241
1242 1250 1251
1251 1243 1242
1243 1251 1252
1252 1244 1243
1244 1252 1253
1253 1245 1244
1245 1253 1254
1254 1246 1245
1246 1254 1255
1255 1247 1246
1247 1255 1256
1256 1248 1247
1123 1132 1257
1257 1249 1123
1249 1257 1258
1258 1250 1249
1250 1258 1259
1259 1251 1250
1251 1259 1260
1260 1252 1251
1252 1260 1261
1261 1253 1252
1253 1261 1262
1262 1254 1253
1254 1262 1263
1263 1255 1254
1255 1263 1264
1264 1256 1255
1132 1141 1265
1265 1257 1132
1257 1265 1266
1266 1258 1257
1258 1266 1267
1267 1259 1258
1259 1267 1268
1268 1260 1259
1260 1268 1269
1269 1261 1260
1261 1269 1270
1270 1262 1261
1262 1270 1271
1271 1263 1262
1263 1271 1272
1272 1264 1263
1141 1150 1273
1273 1265 1141
1265 1273 1274
1274 1266 1265
1266 1274 1275
1275 1267 1266
1267 1275 1276
1276 1268 1267
1268 1276 1277
1277 1269 1268
1269 1277 1278
1278 1270 1269
1270 1278 1279
1279 1271 1270
1271 1279 1280
1280 1272 1271
1150 1159 1281
1281 1273 1150
1273 1281 1282
1282 1274 1273
1274 1282 1283
1283 1275 1274
1275 1283 1284
1284 1276 1275
1276 1284 1285
1285 1277 1276
1277 1285 1286
1286 1278 1277
1278 1286 1287
1287 1279 1278
1279 1287 1288
1288 1280 1279
1159 1168 1289
1289 1281 1159
1281 1289 1290
1290 1282 1281
1282 1290 1291
1291 1283 1282
1283 1291 1292
1292 1284 1283
1284 1292 1293
1293 1285 1284
1285 1293 1294
1294 1286 1285
1286 1294 1295
1295 1287 1286
1287 1295 1296
1296 1288 1287
1168 1033 1169
1169 1289 1168
1289 1169 1170
1170 1290 1289
1290 1170 1171
1171 1291 1290
1291 1171 1172
1172 1292 1291
1292 1172 1173
1173 1293 1292
1293 1173 1174
1174 1294 1293
1294 1174 1175
1175 1295 1294
1295 1175 1176
1176 1296 1295
1297 1306 1307
1307 1298 1297
1298 1307 1308
1308 1299 1298
1299 1308 1309
1309 1300 1299
1300 1309 1310
1310 1301 1300
1301 1310 1311
1311 1302 1301
1302 1311 1312
1312 1303 1302
1303 1312 1313
1313 1304 1303
1304 1313 1314
1314 1305 1304
1306 1315 1316
1316 1307 1306
1307 1316 1317
1317 1308 1307
1308 1317 1318
1318 1309 1308
1309 1318 1319
1319 1310 1309
1310 1319 1320
1320 1311 1310
1311 1320 1321
1321 1312 1311
1312 1321 1322
1322 1313 1312
1313 1322 1323
1323 1314 1313
1315 1324 1325
1325 1316 1315
1316 1325 1326
1326 1317 1316
1317 1326 1327
1327 1318 1317
1318 1327 1328
1328 1319 1318
1319 1328 1329
1329 1320 1319
1320 1329 1330
1330 1321 1320
1321 1330 1331
1331 1322 1321
1322 1331 1332
1332 1323 1322
1324 1333 1334
1334 1325 1324
1325 1334 1335
1335 1326 1325
1326 1335 1336
1336 1327 1326
1327 1336 1337
1337 1328 1327
1328 1337 1338
1338 1329 1328
1329 1338 1339
1339 1330 1329
1330 1339 1340
1340 1331 1330
1331 1340 1341
1341 1332 1331
1333 1342 1343
1343 1334 1333
1334 1343 1344
1344 1335 1334
1335 1344 1345
1345 1336 1335
1336 1345 1346
1346 1337 1336
1337 1346 1347
1347 1338 1337
1338 1347 1348
1348 1339 1338
1339 1348 1349
1349 1340 1339
1340 1349 1350
1350 1341 1340
1342 1351 1352
1352 1343 1342
1343 1352 1353
1353 1344 1343
1344 1353 1354
1354 1345 1344
1345 1354 1355
1355 1346 1345
1346 1355 1356
1356 1347 1346
1347 1356 1357
1357 1348 1347
1348 1357 1358
1358 1349 1348
1349 1358 1359
1359 1350 1349
1351 1360 1361
1361 1352 1351
1352 1361 1362
1362 1353 1352
1353 1362 1363
1363 1354 1353
1354 1363 1364
1364 1355 1354
1355 1364 1365
1365 1356 1355
1356 1365 1366
1366 1357 1356
1357 1366 1367
1367 1358 1357
1358 1367 1368
1368 1359 1358
1360 1369 1370
1370 1361 1360
1361 1370 1371
1371 1362 1361
1362 1371 1372
1372 1363 1362
1363 1372 1373
1373 1364 1363
1364 1373 1374
1374 1365 1364
1365 1374 1375
1375 1366 1365
1366 1375 1376
1376 1367 1366
1367 1376 1377
1377 1368 1367
1369 1378 1379
1379 1370 1369
1370 1379 1380
1380 1371 1370
1371 1380 1381
1381 1372 1371
1372 1381 1382
1382 1373 1372
1373 1382 1383
1383 1374 1373
1374 1383 1384
1384 1375 1374
1375 1384 1385
1385 1376 1375
1376 1385 1386
1386 1377 1376
1378 1387 1388
1388 1379 1378
1379 1388 1389
1389 1380 1379
1380 1389 1390
1390 1381 1380
1381 1390 1391
1391 1382 1381
1382 1391 1392
1392 1383 1382
1383 1392 1393
1393 1384 1383
1384 1393 1394
1394 1385 1384
1385 1394 1395
1395 1386 1385
1387 1396 1397
1397 1388 1387
1388 1397 1398
1398 1389 1388
1389 1398 1399
1399 1390 1389
1390 1399 1400
1400 1391 1390
1391 1400 1401
1401 1392 1391
1392 1401 1402
1402 1393 1392
1393 1402 1403
1403 1394 1393
1394 1403 1404
1404 1395 1394
1396 1405 1406
1406 1397 1396
1397 1406 1407
1407 1398 1397
1398 1407 1408
1408 1399 1398
1399 1408 1409
1409 1400 1399
1400 1409 1410
1410 1401 1400
1401 1410 1411
1411 1402 1401
1402 1411 1412
1412 1403 1402
1403 1412 1413
1413 1404 1403
1405 1414 1415
1415 1406 1405
1406 1415 1416
1416 1407 1406
1407 1416 1417
1417 1408 1407
1408 1417 1418
1418 1409 1408
1409 1418 1419
1419 1410 1409
1410 1419 1420
1420 1411 1410
1411 1420 1421
1421 1412 1411
1412 1421 1422
1422 1413 1412
1414 1423 1424
1424 1415 1414
1415 1424 1425
1425 1416 1415
1416 1425 1426
1426 1417 1416
1417 1426 1427
1427 1418 1417
1418 1427 1428
1428 1419 1418
1419 1428 1429
1429 1420 1419
1420 1429 1430
1430 1421 1420
1421 1430 1431
1431 1422 1421
1423 1432 1433
1433 1424 1423
1424 1433 1434
1434 1425 1424
1425 1434 1435
1435 1426 1425
1426 1435 1436
1436 1427 1426
1427 1436 1437
1437 1428 1427
1428 1437 1438
1438 1429 1428
1429 1438 1439
1439 1430 1429
1430 1439 1440
1440 1431 1430
1432 1297 1298
1298 1433 1432
1433 1298 1299
1299 1434 1433
1434 1299 1300
1300 1435 1434
1435 1300 1301
1301 1436 1435
1436 1301 1302
1302 1437 1436
1437 1302 1303
1303 1438 1437
1438 1303 1304
1304 1439 1438
1439 1304 1305
1305 1440 1439
1305 1314 1449
1449 1441 1305
1441 1449 1450
1450 1442 1441
1442 1450 1451
1451 1443 1442
1443 1451 1452
1452 1444 1443
1444 1452 1453
1453 1445 1444
1445 1453 1454
1454 1446 1445
1446 1454 1455
1455 1447 1446
1447 1455 1456
1456 1448 1447
1314 1323 1457
1457 1449 1314
1449 1457 1458
1458 1450 1449
1450 1458 1459
1459 1451 1450
1451 1459 1460
1460 1452 1451
1452 1460 1461
1461 1453 1452
1453 1461 1462
1462 1454 1453
1454 1462 1463
1463 1455 1454
1455 1463 1464
1464 1456 1455
1323 1332 1465
1465 1457 1323
1457 1465 1466
1466 1458 1457
1458 1466 1467
1467 1459 1458
1459 1467 1468
1468 1460 1459
1460 1468 1469
1469 1461 1460
1461 1469 1470
1470 1462 1461
1462 1470 1471
1471 1463 1462
1463 1471 1472
1472 1464 1463
1332 1341 1473
1473 1465 1332
1465 1473 1474
1474 1466 1465
1466 1474 1475
1475 1467 1466
1467 1475 1476
1476 1468 1467
1468 1476 1477
1477 1469 1468
1469 1477 1478
1478 1470 1469
1470 1478 1479
1479 1471 1470
1471 1479 1480
1480 1472 1471
1341 1350 1481
1481 1473 1341
1473 1481 1482
1482 1474 1473
1474 1482 1483
1483 1475 1474
1475 1483 1484
1484 1476 1475
1476 1484 1485
1485 1477 1476
1477 1485 1486
1486 1478 1477
1478 1486 1487
1487 1479 1478
1479 1487 1488
1488 1480 1479
1350 1359 1489
1489 1481 1350
1481 1489 1490
1490 1482 1481
1482 1490 1491
1491 1483 1482
1483 1491 1492
1492 1484 1483
1484 1492 1493
1493 1485 1484
1485 1493 1494
1494 1486 1485
1486 1494 1495
1495 1487 1486
1487 1495 1496
1496 1488 1487
1359 1368 1497
1497 1489 1359
1489 1497 1498
1498 1490 1489
1490 1498 1499
1499 1491 1490
1491 1499 1500
1500 1492 1491
1492 1500 1501
1501 1493 1492
1493 1501 1502
1502 1494 1493
1494 1502 1503
1503 1495 1494
1495 1503 1504
1504 1496 1495
1368 1377 1505
1505 1497 1368
1497 1505 1506
1506 1498 1497
1498 1506 1507
1507 1499 1498
1499 1507 1508
1508 1500 1499
1500 1508 1509
1509 1501 1500
1501 1509 1510
1510 1502 1501
1502 1510 1511
1511 1503 1502
1503 1511 1512
1512 1504 1503
1377 1386 1513
1513 1505 1377
1505 1513 1514
1514 1506 1505
1506 1514 1515
1515 1507 1506
1507 1515 1516
1516 1508 1507
1508 1516 1517
1517 1509 1508
1509 1517 1518
1518 1510 1509
1510 1518 1519
1519 1511 1510
1511 1519 1520
1520 1512 1511
1386 1395 1521
1521 1513 1386
1513 1521 1522
1522 1514 1513
1514 1522 1523
1523 1515 1514
1515 1523 1524
1524 1516 1515
1516 1524 1525
1525 1517 1516
1517 1525 1526
1526 1518 1517
1518 1526 1527
1527 1519 1518
1519 1527 1528
1528 1520 1519
1395 1404 1529
1529 1521 1395
1521 1529 1530
1530 1522 1521
1522 1530 1531
1531 1523 1522
1523 1531 1532
1532 1524 1523
1524 1532 1533
1533 1525 1524
1525 1533 1534
1534 1526 1525
1526 1534 1535
1535 1527 1526
1527 1535 1536
1536 1528 1527
1404 1413 1537
1537 1529 1404
1529 1537 1538
1538 1530 1529
1530 1538 1539
1539 1531 1530
1531 1539 1540
1540 1532 1531
1532 1540 1541
1541 1533 1532
1533 1541 1542
1542 1534 1533
1534 1542 1543
1543 1535 1534
1535 1543 1544
1544 1536 1535
1413 1422 1545
1545 1537 1413
1537 1545 1546
1546 1538 1537
1538 1546 1547
1547 1539 1538
1539 1547 1548
1548 1540 1539
1540 1548 1549
1549 1541 1540
1541 1549 1550
1550 1542 1541
1542 1550 1551
1551 1543 1542
1543 1551 1552
1552 1544 1543
1422 1431 1553
1553 1545 1422
1545 1553 1554
1554 1546 1545
1546 1554 1555
1555 1547 1546
1547 1555 1556
1556 1548 1547
1548 1556 1557
1557 1549 1548
1549 1557 1558
1558 1550 1549
1550 1558 1559
1559 1551 1550
1551 1559 1560
1560 1552 1551
1431 1440 1561
1561 1553 1431
1553 1561 1562
1562 1554 1553
1554 1562 1563
1563 1555 1554
1555 1563 1564
1564 1556 1555
1556 1564 1565
1565 1557 1556
1557 1565 1566
1566 1558 1557
1558 1566 1567
1567 1559 1558
1559 1567 1568
1568 1560 1559
1440 1305 1441
1441 1561 1440
1561 1441 1442
1442 1562 1561
1562 1442 1443
1443 1563 1562
1563 1443 1444
1444 1564 1563
1564 1444 1445
1445 1565 1564
1565 1445 1446
1446 1566 1565
1566 1446 1447
1447 1567 1566
1567 1447 1448
1448 1568 1567
1578 1570 1569
1570 1578 1579
1579 1571 1570
1571 1579 1580
1580 1572 1571
1572 1580 1581
1581 1573 1572
1573 1581 1582
1582 1574 1573
1574 1582 1583
1583 1575 1574
1575 1583 1584
1584 1576 1575
1576 1584 1585
1585 1577 1576
1586 1578 1569
1578 1586 1587
1587 1579 1578
1579 1587 1588
1588 1580 1579
1580 1588 1589
1589 1581 1580
1581 1589 1590
1590 1582 1581
1582 1590 1591
1591 1583 1582
1583 1591 1592
1592 1584 1583
1584 1592 1593
1593 1585 1584
1594 1586 1569
1586 1594 1595
1595 1587 1586
1587 1595 1596
1596 1588 1587
1588 1596 1597
1597 1589 1588
1589 1597 1598
1598 1590 1589
1590 1598 1599
1599 1591 1590
1591 1599 1600
1600 1592 1591
1592 1600 1601
1601 1593 1592
1602 1594 1569
1594 1602 1603
1603 1595 1594
1595 1603 1604
1604 1596 1595
1596 1604 1605
1605 1597 1596
1597 1605 1606
1606 1598 1597
1598 1606 1607
1607 1599 1598
1599 1607 1608
1608 1600 1599
1600 1608 1609
1609 1601 1600
1610 1602 1569
1602 1610 1611
1611 1603 1602
1603 1611 1612
1612 1604 1603
1604 1612 1613
1613 1605 1604
1605 1613 1614
1614 1606 1605
1606 1614 1615
1615 1607 1606
1607 1615 1616
1616 1608 1607
1608 1616 1617
1617 1609 1608
1618 1610 1569
1610 1618 1619
1619 1611 1610
1611 1619 1620
1620 1612 1611
1612 1620 1621
1621 1613 1612
1613 1621 1622
1622 1614 1613
1614 1622 1623
1623 1615 1614
1615 1623 1624
1624 1616 1615
1616 1624 1625
1625 1617 1616
1626 1618 1569
1618 1626 1627
1627 1619 1618
1619 1627 1628
1628 1620 1619
1620 1628 1629
1629 1621 1620
1621 1629 1630
1630 1622 1621
1622 1630 1631
1631 1623 1622
1623 1631 1632
1632 1624 1623
1624 1632 1633
1633 1625 1624
1634 1626 1569
1626 1634 1635
1635 1627 1626
1627 1635 1636
1636 1628 1627
1628 1636 1637
1637 1629 1628
1629 1637 1638
1638 1630 1629
1630 1638 1639
1639 1631 1630
1631 1639 1640
1640 1632 1631
1632 1640 1641
1641 1633 1632
1642 1634 1569
1634 1642 1643
1643 1635 1634
1635 1643 1644
1644 1636 1635
1636 1644 1645
1645 1637 1636
1637 1645 1646
1646 1638 1637
1638 1646 1647
1647 1639 1638
1639 1647 1648
1648 1640 1639
1640 1648 1649
1649 1641 1640
1650 1642 1569
1642 1650 1651
1651 1643 1642
1643 1651 1652
1652 1644 1643
1644 1652 1653
1653 1645 1644
1645 1653 1654
1654 1646 1645
1646 1654 1655
1655 1647 1646
1647 1655 1656
1656 1648 1647
1648 1656 1657
1657 1649 1648
1658 1650 1569
1650 1658 1659
1659 1651 1650
1651 1659 1660
1660 1652 1651
1652 1660 1661
1661 1653 1652
1653 1661 1662
1662 1654 1653
1654 1662 1663
1663 1655 1654
1655 1663 1664
1664 1656 1655
1656 1664 1665
1665 1657 1656
1666 1658 1569
1658 1666 1667
1667 1659 1658
1659 1667 1668
1668 1660 1659
1660 1668 1669
1669 1661 1660
1661 1669 1670
1670 1662 1661
1662 1670 1671
1671 1663 1662
1663 1671 1672
1672 1664 1663
1664 1672 1673
1673 1665 1664
1674 1666 1569
1666 1674 1675
1675 1667 1666
1667 1675 1676
1676 1668 1667
1668 1676 1677
1677 1669 1668
1669 1677 1678
1678 1670 1669
1670 1678 1679
1679 1671 1670
1671 1679 1680
1680 1672 1671
1672 1680 1681
1681 1673 1672
1682 1674 1569
1674 1682 1683
1683 1675 1674
1675 1683 1684
1684 1676 1675
1676 1684 1685
1685 1677 1676
1677 1685 1686
1686 1678 1677
1678 1686 1687
1687 1679 1678
1679 1687 1688
1688 1680 1679
1680 1688 1689
1689 1681 1680
1690 1682 1569
1682 1690 1691
1691 1683 1682
1683 1691 1692
1692 1684 1683
1684 1692 1693
1693 1685 1684
1685 1693 1694
1694 1686 1685
1686 1694 1695
1695 1687 1686
1687 1695 1696
1696 1688 1687
1688 1696 1697
1697 1689 1688
1698 1690 1569
1690 1698 1699
1699 1691 1690
1691 1699 1700
1700 1692 1691
1692 1700 1701
1701 1693 1692
1693 1701 1702
1702 1694 1693
1694 1702 1703
1703 1695 1694
1695 1703 1704
1704 1696 1695
1696 1704 1705
1705 1697 1696
1706 1698 1569
1698 1706 1707
1707 1699 1698
1699 1707 1708
1708 1700 1699
1700 1708 1709
1709 1701 1700
1701 1709 1710
1710 1702 1701
1702 1710 1711
1711 1703 1702
1703 1711 1712
1712 1704 1703
1704 1712 1713
1713 1705 1704
1714 1706 1569
1706 1714 1715
1715 1707 1706
1707 1715 1716
1716 1708 1707
1708 1716 1717
1717 1709 1708
1709 1717 1718
1718 1710 1709
1710 1718 1719
1719 1711 1710
1711 1719 1720
1720 1712 1711
1712 1720 1721
1721 1713 1712
1722 1714 1569
1714 1722 1723
1723 1715 1714
1715 1723 1724
1724 1716 1715
1716 1724 1725
1725 1717 1716
1717 1725 1726
1726 1718 1717
1718 1726 1727
1727 1719 1718
1719 1727 1728
1728 1720 1719
1720 1728 1729
1729 1721 1720
1730 1722 1569
1722 1730 1731
1731 1723 1722
1723 1731 1732
1732 1724 1723
1724 1732 1733
1733 1725 1724
1725 1733 1734
1734 1726 1725
1726 1734 1735
1735 1727 1726
1727 1735 1736
1736 1728 1727
1728 1736 1737
1737 1729 1728
1738 1730 1569
1730 1738 1739
1739 1731 1730
1731 1739 1740
1740 1732 1731
1732 1740 1741
1741 1733 1732
1733 1741 1742
1742 1734 1733
1734 1742 1743
1743 1735 1734
1735 1743 1744
1744 1736 1735
1736 1744 1745
1745 1737 1736
1746 1738 1569
1738 1746 1747
1747 1739 1738
1739 1747 1748
1748 1740 1739
1740 1748 1749
1749 1741 1740
1741 1749 1750
1750 1742 1741
1742 1750 1751
1751 1743 1742
1743 1751 1752
1752 1744 1743
1744 1752 1753
1753 1745 1744
1754 1746 1569
1746 1754 1755
1755 1747 1746
1747 1755 1756
1756 1748 1747
1748 1756 1757
1757 1749 1748
1749 1757 1758
1758 1750 1749
1750 1758 1759
1759 1751 1750
1751 1759 1760
1760 1752 1751
1752 1760 1761
1761 1753 1752
1762 1754 1569
1754 1762 1763
1763 1755 1754
1755 1763 1764
1764 1756 1755
1756 1764 1765
1765 1757 1756
1757 1765 1766
1766 1758 1757
1758 1766 1767
1767 1759 1758
1759 1767 1768
1768 1760 1759
1760 1768 1769
1769 1761 1760
1770 1762 1569
1762 1770 1771
1771 1763 1762
1763 1771 1772
1772 1764 1763
1764 1772 1773
1773 1765 1764
1765 1773 1774
1774 1766 1765
1766 1774 1775
1775 1767 1766
1767 1775 1776
1776 1768 1767
1768 1776 1777
1777 1769 1768
1778 1770 1569
1770 1778 1779
1779 1771 1770
1771 1779 1780
1780 1772 1771
1772 1780 1781
1781 1773 1772
1773 1781 1782
1782 1774 1773
1774 1782 1783
1783 1775 1774
1775 1783 1784
1784 1776 1775
1776 1784 1785
1785 1777 1776
1786 1778 1569
1778 1786 1787
1787 1779 1778
1779 1787 1788
1788 1780 1779
1780 1788 1789
1789 1781 1780
1781 1789 1790
1790 1782 1781
1782 1790 1791
1791 1783 1782
1783 1791 1792
1792 1784 1783
1784 1792 1793
1793 1785 1784
1794 1786 1569
1786 1794 1795
1795 1787 1786
1787 1795 1796
1796 1788 1787
1788 1796 1797
1797 1789 1788
1789 1797 1798
1798 1790 1789
1790 1798 1799
1799 1791 1790
1791 1799 1800
1800 1792 1791
1792 1800 1801
1801 1793 1792
1802 1794 1569
1794 1802 1803
1803 1795 1794
1795 1803 1804
1804 1796 1795
1796 1804 1805
1805 1797 1796
1797 1805 1806
1806 1798 1797
1798 1806 1807
1807 1799 1798
1799 1807 1808
1808 1800 1799
1800 1808 1809
1809 1801 1800
1810 1802 1569
1802 1810 1811
1811 1803 1802
1803 1811 1812
1812 1804 1803
1804 1812 1813
1813 1805 1804
1805 1813 1814
1814 1806 1805
1806 1814 1815
1815 1807 1806
1807 1815 1816
1816 1808 1807
1808 1816 1817
1817 1809 1808
1818 1810 1569
1810 1818 1819
1819 1811 1810
1811 1819 1820
1820 1812 1811
1812 1820 1821
1821 1813 1812
1813 1821 1822
1822 1814 1813
1814 1822 1823
1823 1815 1814
1815 1823 1824
1824 1816 1815
1816 1824 1825
1825 1817 1816
1570 1818 1569
1818 1570 1571
1571 1819 1818
1819 1571 1572
1572 1820 1819
1820 1572 1573
1573 1821 1820
1821 1573 1574
1574 1822 1821
1822 1574 1575
1575 1823 1822
1823 1575 1576
1576 1824 1823
1824 1576 1577
1577 1825 1824
1577 1585 1834
1834 1826 1577
1826 1834 1835
1835 1827 1826
1827 1835 1836
1836 1828 1827
1828 1836 1837
1837 1829 1828
1829 1837 1838
1838 1830 1829
1830 1838 1839
1839 1831 1830
1831 1839 1840
1840 1832 1831
1832 1840 1841
1841 1833 1832
1585 1593 1842
1842 1834 1585
1834 1842 1843
1843 1835 1834
1835 1843 1844
1844 1836 1835
1836 1844 1845
1845 1837 1836
1837 1845 1846
1846 1838 1837
1838 1846 1847
1847 1839 1838
1839 1847 1848
1848 1840 1839
1840 1848 1849
1849 1841 1840
1593 1601 1850
1850 1842 1593
1842 1850 1851
1851 1843 1842
1843 1851 1852
1852 1844 1843
1844 1852 1853
1853 1845 1844
1845 1853 1854
1854 1846 1845
1846 1854 1855
1855 1847 1846
1847 1855 1856
1856 1848 1847
1848 1856 1857
1857 1849 1848
1601 1609 1858
1858 1850 1601
1850 1858 1859
1859 1851 1850
1851 1859 1860
1860 1852 1851
1852 1860 1861
1861 1853 1852
1853 1861 1862
1862 1854 1853
1854 1862 1863
1863 1855 1854
1855 1863 1864
1864 1856 1855
1856 1864 1865
1865 1857 1856
1609 1617 1866
1866 1858 1609
1858 1866 1867
1867 1859 1858
1859 1867 1868
1868 1860 1859
1860 1868 1869
1869 1861 1860
1861 1869 1870
1870 1862 1861
1862 1870 1871
1871 1863 1862
1863 1871 1872
1872 1864 1863
1864 1872 1873
1873 1865 1864
1617 1625 1874
1874 1866 1617
1866 1874 1875
1875 1867 1866
1867 1875 1876
1876 1868 1867
1868 1876 1877
1877 1869 1868
1869 1877 1878
1878 1870 1869
1870 1878 1879
1879 1871 1870
1871 1879 1880
1880 1872 1871
1872 1880 1881
1881 1873 1872
1625 1633 1882
1882 1874 1625
1874 1882 1883
1883 1875 1874
1875 1883 1884
1884 1876 1875
1876 1884 1885
1885 1877 1876
1877 1885 1886
1886 1878 1877
1878 1886 1887
1887 1879 1878
1879 1887 1888
1888 1880 1879
1880 1888 1889
1889 1881 1880
1633 1641 1890
1890 1882 1633
1882 1890 1891
1891 1883 1882
1883 1891 1892
1892 1884 1883
1884 1892 1893
1893 1885 1884
1885 1893 1894
1894 1886 1885
1886 1894 1895
1895 1887 1886
1887 1895 1896
1896 1888 1887
1888 1896 1897
1897 1889 1888
1641 1649 1898
1898 1890 1641
1890 1898 1899
1899 1891 1890
1891 1899 1900
1900 1892 1891
1892 1900 1901
1901 1893 1892
1893 1901 1902
1902 1894 1893
1894 1902 1903
1903 1895 1894
1895 1903 1904
1904 1896 1895
1896 1904 1905
1905 1897 1896
1649 1657 1906
1906 1898 1649
1898 1906 1907
1907 1899 1898
1899 1907 1908
1908 1900 1899
1900 1908 1909
1909 1901 1900
1901 1909 1910
1910 1902 1901
1902 1910 1911
1911 1903 1902
1903 1911 1912
1912 1904 1903
1904 1912 1913
1913 1905 1904
1657 1665 1914
1914 1906 1657
1906 1914 1915
1915 1907 1906
1907 1915 1916
1916 1908 1907
1908 1916 1917
1917 1909 1908
1909 1917 1918
1918 1910 1909
1910 1918 1919
1919 1911 1910
1911 1919 1920
1920 1912 1911
1912 1920 1921
1921 1913 1912
1665 1673 1922
1922 1914 1665
1914 1922 1923
1923 1915 1914
1915 1923 1924
1924 1916 1915
1916 1924 1925
1925 1917 1916
1917 1925 1926
1926 1918 1917
1918 1926 1927
1927 1919 1918
1919 1927 1928
1928 1920 1919
1920 1928 1929
1929 1921 1920
1673 1681 1930
1930 1922 1673
1922 1930 1931
1931 1923 1922
1923 1931 1932
1932 1924 1923
1924 1932 1933
1933 1925 1924
1925 1933 1934
1934 1926 1925
1926 1934 1935
1935 1927 1926
1927 1935 1936
1936 1928 1927
1928 1936 1937
1937 1929 1928
1681 1689 1938
1938 1930 1681
1930 1938 1939
1939 1931 1930
1931 1939 1940
1940 1932 1931
1932 1940 1941
1941 1933 1932
1933 1941 1942
1942 1934 1933
1934 1942 1943
1943 1935 1934
1935 1943 1944
1944 1936 1935
1936 1944 1945
1945 1937 1936
1689 1697 1946
1946 1938 1689
1938 1946 1947
1947 1939 1938
1939 1947 1948
1948 1940 1939
1940 1948 1949
1949 1941 1940
1941 1949 1950
1950 1942 1941
1942 1950 1951
1951 1943 1942
1943 1951 1952
1952 1944 1943
1944 1952 1953
1953 1945 1944
1697 1705 1954
1954 1946 1697
1946 1954 1955
1955 1947 1946
1947 1955 1956
1956 1948 1947
1948 1956 1957
1957 1949 1948
1949 1957 1958
1958 1950 1949
1950 1958 1959
1959 1951 1950
1951 1959 1960
1960 1952 1951
1952 1960 1961
1961 1953 1952
1705 1713 1962
1962 1954 1705
1954 1962 1963
1963 1955 1954
1955 1963 1964
1964 1956 1955
1956 1964 1965
1965 1957 1956
1957 1965 1966
1966 1958 1957
1958 1966 1967
1967 1959 1958
1959 1967 1968
1968 1960 1959
1960 1968 1969
1969 1961 1960
1713 1721 1970
1970 1962 1713
1962 1970 1971
1971 1963 1962
1963 1971 1972
1972 1964 1963
1964 1972 1973
1973 1965 1964
1965 1973 1974
1974 1966 1965
1966 1974 1975
1975 1967 1966
1967 1975 1976
1976 1968 1967
1968 1976 1977
1977 1969 1968
1721 1729 1978
1978 1970 1721
1970 1978 1979
1979 1971 1970
1971 1979 1980
1980 1972 1971
1972 1980 1981
1981 1973 1972
1973 1981 1982
1982 1974 1973
1974 1982 1983
1983 1975 1974
1975 1983 1984
1984 1976 1975
1976 1984 1985
1985 1977 1976
1729 1737 1986
1986 1978 1729
1978 1986 1987
1987 1979 1978
1979 1987 1988
1988 1980 1979
1980 1988 1989
1989 1981 1980
1981 1989 1990
1990 1982 1981
1982 1990 1991
1991 1983 1982
1983 1991 1992
1992 1984 1983
1984 1992 1993
1993 1985 1984
1737 1745 1994
1994 1986 1737
1986 1994 1995
1995 1987 1986
1987 1995 1996
1996 1988 1987
1988 1996 1997
1997 1989 1988
1989 1997 1998
1998 1990 1989
1990 1998 1999
1999 1991 1990
1991 1999 2000
2000 1992 1991
1992 2000 2001
2001 1993 1992
1745 1753 2002
2002 1994 1745
1994 2002 2003
2003 1995 1994
1995 2003 2004
2004 1996 1995
1996 2004 2005
2005 1997 1996
1997 2005 2006
2006 1998 1997
1998 2006 2007
2007 1999 1998
1999 2007 2008
2008 2000 1999
2000 2008 2009
2009 2001 2000
1753 1761 2010
2010 2002 1753
2002 2010 2011
2011 2003 2002
2003 2011 2012
2012 2004 2003
2004 2012 2013
2013 2005 2004
2005 2013 2014
2014 2006 2005
2006 2014 2015
2015 2007 2006
2007 2015 2016
2016 2008 2007
2008 2016 2017
2017 2009 2008
1761 1769 2018
2018 2010 1761
2010 2018 2019
2019 2011 2010
2011 2019 2020
2020 2012 2011
2012 2020 2021
2021 2013 2012
2013 2021 2022
2022 2014 2013
2014 2022 2023
2023 2015 2014
2015 2023 2024
2024 2016 2015
2016 2024 2025
2025 2017 2016
1769 1777 2026
2026 2018 1769
2018 2026 2027
2027 2019 2018
2019 2027 2028
2028 2020 2019
2020 2028 2029
2029 2021 2020
2021 2029 2030
2030 2022 2021
2022 2030 2031
2031 2023 2022
2023 2031 2032
2032 2024 2023
2024 2032 2033
2033 2025 2024
1777 1785 2034
2034 2026 1777
2026 2034 2035
2035 2027 2026
2027 2035 2036
2036 2028 2027
2028 2036 2037
2037 2029 2028
2029 2037 2038
2038 2030 2029
2030 2038 2039
2039 2031 2030
2031 2039 2040
2040 2032 2031
2032 2040 2041
2041 2033 2032
1785 1793 2042
2042 2034 1785
2034 2042 2043
2043 2035 2034
2035 2043 2044
2044 2036 2035
2036 2044 2045
2045 2037 2036
2037 2045 2046
2046 2038 2037
2038 2046 2047
2047 2039 2038
2039 2047 2048
2048 2040 2039
2040 2048 2049
2049 2041 2040
1793 1801 2050
2050 2042 1793
2042 2050 2051
2051 2043 2042
2043 2051 2052
2052 2044 2043
2044 2052 2053
2053 2045 2044
2045 2053 2054
2054 2046 2045
2046 2054 2055
2055 2047 2046
2047 2055 2056
2056 2048 2047
2048 2056 2057
2057 2049 2048
1801 1809 2058
2058 2050 1801
2050 2058 2059
2059 2051 2050
2051 2059 2060
2060 2052 2051
2052 2060 2061
2061 2053 2052
2053 2061 2062
2062 2054 2053
2054 2062 2063
2063 2055 2054
2055 2063 2064
2064 2056 2055
2056 2064 2065
2065 2057 2056
1809 1817 2066
2066 2058 1809
2058 2066 2067
2067 2059 2058
2059 2067 2068
2068 2060 2059
2060 2068 2069
2069 2061 2060
2061 2069 2070
2070 2062 2061
2062 2070 2071
2071 2063 2062
2063 2071 2072
2072 2064 2063
2064 2072 2073
2073 2065 2064
1817 1825 2074
2074 2066 1817
2066 2074 2075
2075 2067 2066
2067 2075 2076
2076 2068 2067
2068 2076 2077
2077 2069 2068
2069 2077 2078
2078 2070 2069
2070 2078 2079
2079 2071 2070
2071 2079 2080
2080 2072 2071
2072 2080 2081
2081 2073 2072
1825 1577 1826
1826 2074 1825
2074 1826 1827
1827 2075 2074
2075 1827 1828
1828 2076 2075
2076 1828 1829
1829 2077 2076
2077 1829 1830
1830 2078 2077
2078 1830 1831
1831 2079 2078
2079 1831 1832
1832 2080 2079
2080 1832 1833
1833 2081 2080