1068 1646 1577
1057 908 938
420 1175 237
1054 1100 1041
237 1058 1125
1253 29 1260
1064 1070 0
1036 1129 1119
1569 2380 1584
2433 2501 2472
1631 1653 1645
1143 1165 668
1201 1439 304
1070 1089 0
1554 1569 1583
1183 1173 403
64 431 11
1031 1084 573
1788 2206 2222
1153 1117 1183
1140 1085 1153
98 1116 341
403 1173 418
488 1999 1997
1117 1173 1183
1195 402 135
1494 716 1489
1803 401 1206
2271 1397 890
1099 1001 803
1595 1594 2380
207 419 1206
401 207 1206
1454 1934 1924
1175 1058 237
1149 1039 347
1956 1536 2050
1123 1188 938
1803 1206 1822
1380 1299 1108
382 383 1181
1084 1085 1140
1039 1045 131
219 1494 1187
419 260 1206
260 419 1064
1054 1132 1100
1053 420 402
181 1108 1
1180 1206 319
544 1569 1560
34 341 431
1023 573 1140
431 341 11
1488 1080 1546
1180 319 1804
1515 1682 1506
356 1116 1046
1560 1569 1554
1089 1195 1205
1046 1202 1050
1164 201 1120
1098 340 300
1173 239 418
921 920 832
1120 1079 384
814 20 1182
34 98 341
1082 397 261
105 93 1316
93 291 1316
291 94 1316
939 1038 1032
1299 1305 432
20 211 470
1119 1130 1036
832 920 687
1116 356 341
105 270 93
385 226 1374
1129 1043 1052
418 239 218
1254 1243 31
1556 1080 1488
2061 2119 2108
2033 2109 429
22 314 1110
290 93 270
290 291 93
49 385 94
963 733 664
1615 1584 1610
444 1083 401
573 1084 1140
1653 340 1652
219 1187 1639
341 68 11
416 260 327
291 49 94
203 226 385
49 203 385
1275 1470 1310
1205 1195 135
1032 1054 1041
1036 1043 1129
1179 319 416
1120 201 1079
324 202 270
290 75 291
291 236 49
2158 1695 1766
582 928 849
1583 1584 1615
1494 1489 1187
1556 1488 1659
1077 1068 1493
1971 1991 1970
182 1225 1999
324 428 202
291 75 236
1151 226 1142
1487 1411 1488
1637 1645 1652
1946 1868 2467
202 305 290
305 75 290
236 247 49
203 1142 226
2394 13 428
1501 880 2499
0 1089 201
1651 1652 1098
2116 1862 2495
49 247 203
159 791 993
883 887 856
543 2116 2495
1089 1205 201
2462 878 2491
428 305 202
497 187 417
864 883 856
993 997 1013
883 896 887
1794 947 1801
207 1034 1070
1064 0 1065
376 434 1376
303 428 13
303 305 428
72 59 73
247 591 203
845 2263 828
896 911 905
1003 990 991
1421 1420 1232
979 9 302
1057 921 908
2435 2448 2417
393 434 376
434 474 445
474 473 445
335 336 360
337 234 371
623 147 128
811 305 595
1725 991 1018
944 1513 1510
1068 1626 1627
1811 1822 1180
1164 1120 168
446 474 434
2486 2457 900
41 58 45
400 6 186
1009 969 796
1512 219 1639
2473 2490 2461
593 306 1013
397 1512 1639
306 593 1025
544 2380 1569
402 420 237
444 401 126
1610 1630 1615
1804 1179 1147
393 446 434
2340 2412 2375
74 73 59
540 46 41
46 58 41
540 41 27
916 930 1102
896 905 882
2483 2067 778
887 882 856
260 1064 327
362 1306 348
376 362 393
443 746 463
322 337 361
91 115 73
591 633 96
981 1026 1003
1019 981 1003
1083 1053 1034
207 401 1083
420 1118 1175
1206 1180 1822
1178 1186 1159
262 295 1342
1297 295 1306
1306 295 348
404 362 348
404 393 362
404 446 393
361 371 383
337 371 361
982 1003 986
121 133 138
414 439 413
74 91 73
225 185 245
795 786 699
1118 1058 1175
121 113 90
623 128 115
640 557 630
1310 1317 1486
99 1161 1169
1652 340 1098
1315 1982 272
262 276 295
295 357 348
435 446 404
108 553 569
503 1384 2500
114 121 90
2067 2459 778
42 776 162
377 404 348
357 377 348
447 446 435
447 475 446
77 76 107
74 59 46
1763 2480 1794
716 713 1511
1489 716 1500
237 1125 167
1877 1865 825
2024 2359 2366
250 277 262
277 276 262
276 317 295
295 317 357
317 349 357
377 435 404
383 371 1181
453 439 414
986 1003 991
492 475 447
322 787 337
402 237 135
1564 1502 1473
296 276 277
296 317 276
357 349 377
377 387 435
475 492 499
72 104 59
322 336 311
952 1572 2357
141 160 118
453 442 439
1861 1870 1404
296 318 317
559 46 540
169 1322 110
356 1046 1049
1118 97 1058
1837 1876 1899
2358 229 250
349 363 377
448 447 435
448 492 447
184 185 225
442 468 478
873 164 2479
462 443 463
63 104 90
1181 439 1128
1957 1650 2501
1237 2033 190
250 278 277
277 278 296
363 387 377
482 492 448
133 147 138
243 267 258
909 941 929
104 114 90
23 29 17
1131 486 1058
1868 1946 2020
2496 2493 2462
2358 2384 229
229 279 250
250 279 278
278 307 296
296 307 318
318 363 317
363 349 317
387 394 435
435 394 448
492 471 499
121 128 133
124 141 123
372 399 392
23 556 29
2263 2277 2250
1260 29 1268
1729 1861 1876
251 279 229
342 363 318
363 342 387
62 63 90
398 392 415
415 443 462
161 188 141
767 372 325
188 660 176
188 198 660
846 886 863
532 746 443
1743 1021 1417
1169 523 728
120 1341 127
1235 1243 25
279 280 278
280 307 278
342 318 307
342 364 387
387 364 394
364 405 394
405 448 394
482 476 492
476 490 471
492 476 471
77 108 76
165 173 195
480 149 813
62 58 63
325 372 392
642 259 42
229 252 251
448 440 482
440 476 482
414 415 462
225 245 244
463 469 453
322 361 336
51 36 1282
252 280 251
280 279 251
308 307 280
329 342 307
365 364 342
440 448 405
463 813 14
882 905 886
336 361 370
478 497 289
246 745 1002
24 36 556
639 929 668
2485 2498 2458
308 329 307
342 329 365
440 436 476
289 497 417
123 118 107
76 123 107
588 124 108
569 588 108
124 161 141
1044 432 1033
1206 260 319
2003 2473 2494
1214 1227 2284
364 395 405
395 421 405
421 436 440
405 421 440
58 46 59
50 77 65
360 370 382
195 214 213
462 453 414
26 40 534
52 1282 36
83 1298 1282
1804 319 1179
253 252 221
253 280 252
308 365 329
395 364 365
455 476 436
483 490 476
2479 2484 2492
417 187 186
52 84 1282
84 83 1282
419 1070 1064
263 280 253
297 308 280
367 365 366
367 395 365
1638 1563 1138
559 47 46
81 470 211
24 37 36
201 1205 1079
263 297 280
297 330 308
308 330 365
330 366 365
395 367 421
421 455 436
490 1191 312
1698 2063 1709
461 442 478
370 361 383
2501 2475 2463
370 383 382
20 731 211
1570 1628 1626
37 38 52
36 37 52
38 84 52
1172 1183 403
1005 2141 1673
200 254 253
254 263 253
367 406 421
449 455 421
449 483 455
455 483 476
313 1191 490
2026 2500 2488
2474 2470 2487
550 491 731
463 480 813
1080 1493 1546
200 230 254
406 449 421
483 493 490
493 326 490
326 313 490
875 796 994
846 855 828
124 142 161
133 128 147
1563 1570 1626
416 319 260
327 1064 1065
169 155 200
155 230 200
230 281 254
281 263 254
449 484 483
483 484 493
2462 2485 2478
158 184 166
491 67 211
731 491 211
67 81 211
1310 1470 1295
100 155 110
331 263 281
331 297 263
331 330 297
330 331 366
406 422 449
449 422 484
803 1001 1442
2483 778 945
688 442 461
439 688 1128
165 166 173
37 30 38
111 144 100
100 144 155
155 255 230
331 422 367
366 331 367
367 422 406
945 778 919
1431 1260 1448
460 477 452
463 14 469
30 53 38
38 53 84
85 100 84
144 209 155
281 282 331
282 368 331
368 422 331
422 407 484
853 875 964
77 107 65
439 442 688
373 2464 960
928 518 978
53 85 84
155 240 255
255 281 230
255 282 281
388 422 368
388 407 422
407 456 484
456 48 484
484 48 493
493 134 326
174 82 313
1166 1139 1482
195 173 214
696 15 67
1037 81 15
139 116 140
1653 1652 1645
1233 53 30
85 111 100
209 240 155
922 916 910
696 33 15
144 192 209
255 264 282
264 309 282
282 309 368
309 343 368
343 369 368
369 388 368
408 407 388
408 465 407
465 456 407
465 48 456
48 134 493
173 224 214
1013 765 601
825 2219 2214
1077 1493 1080
1272 69 85
119 111 85
145 144 111
145 192 144
264 255 240
222 264 240
485 48 465
174 326 134
104 121 114
479 14 680
224 233 214
730 33 696
85 53 1272
69 119 85
192 240 209
298 309 264
309 332 343
343 350 369
423 465 408
134 48 174
213 214 233
47 74 46
33 8 1037
15 33 1037
202 290 270
8 557 753
1194 396 1119
119 145 111
145 193 192
265 264 222
265 298 264
298 332 309
332 350 343
381 382 391
398 415 414
265 332 298
350 351 369
423 485 465
486 174 48
6 116 186
1181 413 439
40 41 45
289 288 496
2501 2463 2472
371 398 413
1569 1584 1583
1065 0 1164
0 201 1164
119 69 101
156 145 119
193 222 192
222 240 192
351 378 369
369 378 388
409 408 388
2477 1408 1957
805 944 1001
156 193 145
266 265 222
266 332 265
378 409 388
409 437 408
437 423 408
189 204 142
336 370 360
2214 829 825
1630 1645 1637
101 156 119
156 194 193
194 222 193
194 210 222
222 210 266
266 299 332
299 333 350
332 299 350
350 333 351
409 410 437
437 485 423
486 48 485
874 593 988
107 580 65
224 244 243
311 335 334
150 753 106
273 1385 299
351 333 378
922 1728 1095
243 244 267
462 463 453
413 398 414
14 479 469
1646 1068 1077
908 921 832
386 416 327
132 156 101
1313 132 101
132 194 156
1147 1178 1159
1045 1166 181
378 410 409
791 338 228
390 6 667
184 225 173
460 289 496
2026 503 2500
1195 1053 402
727 1018 751
2458 2482 2460
1290 1263 54
132 1355 194
194 1355 210
411 437 410
3 485 437
457 3 437
3 486 485
1719 1571 1770
244 274 267
1868 2020 2058
234 398 371
63 59 104
835 2491 878
1314 132 1313
1330 1381 1355
1309 925 1127
6 1120 116
118 160 610
379 378 333
378 379 410
466 3 457
494 486 3
494 1125 486
415 399 532
478 468 497
73 115 72
477 460 496
392 399 415
60 1290 54
504 1998 2473
1998 2490 2473
198 188 35
1163 1164 168
1178 386 248
389 410 379
410 389 411
457 437 411
494 167 1125
479 468 469
115 121 104
417 186 139
184 173 166
165 147 166
469 468 442
39 54 31
60 70 1290
70 102 1290
1183 1172 1153
633 513 96
424 457 411
916 922 930
2471 2488 852
753 640 566
43 566 1162
453 469 442
39 31 1248
32 39 1248
55 54 39
55 60 54
450 1264 438
1179 416 1178
1098 300 1076
1188 1057 938
1058 220 1131
597 1073 1074
411 425 424
649 185 184
233 243 258
225 244 224
1032 1041 1029
2491 835 246
6 168 1120
1461 1321 1481
424 466 457
495 3 466
1750 2467 2479
289 417 139
325 788 761
141 176 160
164 1750 2479
86 102 70
102 86 103
1179 1178 1147
416 386 1178
2080 2059 2030
1153 1172 1140
180 130 196
441 424 425
613 143 142
875 1009 796
39 44 55
55 44 60
86 70 60
1562 1436 1589
1120 384 116
1147 1159 1136
1448 1458 1438
1027 2461 928
441 458 424
458 466 424
167 494 3
495 167 3
1762 1402 1443
139 186 116
243 233 224
245 739 268
371 413 1181
39 546 44
44 61 60
61 86 60
86 87 103
1083 516 1053
386 327 1063
2466 2496 2484
285 1362 301
204 188 161
289 139 288
213 233 223
392 398 808
314 1130 396
301 320 352
1163 168 390
426 458 441
216 495 466
216 167 495
977 968 2073
360 382 381
268 275 244
1439 10 304
61 87 86
327 1065 1063
1065 1164 1163
241 286 301
1362 241 301
286 320 301
1178 248 1186
982 1019 1003
463 746 480
787 322 275
268 244 245
87 88 1324
170 171 241
359 352 320
359 1353 352
1056 1063 1163
2183 2187 2182
459 458 450
459 466 458
148 167 216
148 135 167
115 128 121
108 123 76
158 166 147
27 41 40
56 87 61
44 56 61
1335 1324 88
88 71 1335
146 171 170
171 257 241
257 256 241
256 286 241
256 320 286
344 359 320
359 380 1353
1068 937 1654
386 472 248
269 216 466
129 135 148
850 846 828
982 986 974
188 176 141
87 71 88
183 257 171
256 287 320
1264 450 458
269 148 216
225 224 173
26 27 40
108 124 123
546 56 44
56 57 87
87 57 71
2475 2483 2457
146 183 171
183 212 257
257 242 256
242 287 256
344 320 287
390 168 6
467 459 450
467 487 459
269 466 459
487 269 459
1205 135 129
480 792 149
142 204 161
141 118 123
57 89 71
89 127 71
146 172 183
172 212 183
212 232 257
257 232 242
353 359 344
353 380 359
1025 990 306
267 311 258
1205 129 1079
115 104 72
138 147 165
274 311 267
187 400 186
2478 2458 2460
57 62 89
1063 1065 1163
1063 472 386
287 310 344
310 353 344
995 993 306
451 467 438
451 477 467
477 487 467
140 129 148
1563 1638 1562
546 40 56
2080 2106 2059
381 380 353
496 269 487
288 148 269
288 140 148
113 121 138
58 59 63
274 322 311
400 667 6
40 45 56
56 45 57
1458 1344 1268
1341 120 157
165 172 157
212 223 232
232 258 242
242 321 287
321 310 287
452 477 451
496 288 269
911 910 905
275 322 274
275 274 244
45 62 57
89 120 127
172 213 212
212 213 223
258 321 242
335 310 321
335 353 310
360 381 353
1042 438 1289
496 487 477
384 129 140
384 1079 129
143 189 142
534 40 546
120 165 157
334 335 321
353 335 360
2003 2480 1763
697 438 1042
288 139 140
922 1095 930
649 184 158
45 58 62
62 90 89
89 113 120
120 138 165
172 195 213
258 334 321
2477 2501 2433
311 336 335
89 90 113
113 138 120
165 195 172
223 233 232
233 258 232
258 311 334
1123 915 1188
541 540 529
461 478 289
268 782 275
812 566 640
275 782 787
81 1037 1332
815 700 702
671 136 602
624 634 623
2456 2438 1972
766 532 528
2467 1868 2479
661 189 638
710 719 718
629 638 613
160 653 637
780 990 981
1226 30 515
647 638 629
629 613 589
2097 543 1898
577 578 585
696 491 550
528 532 399
868 858 869
1731 923 913
1003 1026 990
800 590 602
635 675 650
875 948 964
2206 1788 1858
75 738 236
187 680 14
577 603 598
796 615 994
509 2034 1364
75 811 616
616 738 75
1467 92 1764
595 545 811
1456 1304 1476
759 196 149
670 772 764
585 608 603
590 699 631
475 2311 473
2083 2026 2488
581 589 570
1554 2448 1995
673 545 595
811 654 616
160 176 660
598 603 635
699 786 575
775 674 571
775 673 674
616 633 738
590 631 648
611 545 673
616 654 633
727 751 705
570 2310 2304
774 673 775
774 611 673
611 627 545
545 627 811
811 627 654
619 629 614
619 647 629
666 652 645
809 781 784
149 196 813
533 1516 1999
701 571 2377
747 775 571
654 612 633
910 916 904
647 678 661
726 770 712
749 806 798
638 189 143
661 678 199
701 747 571
774 775 747
627 717 654
625 657 644
790 777 789
611 810 627
612 513 633
1379 1755 1672
569 589 613
719 740 718
1073 794 834
613 638 143
611 774 810
717 734 654
654 734 612
797 337 787
635 651 675
570 589 554
527 729 686
689 701 2311
475 689 2311
810 717 627
720 777 726
747 701 689
734 685 612
1516 2001 2126
653 684 666
568 587 605
512 530 537
537 548 547
548 552 547
549 587 548
1902 868 869
690 774 747
690 599 774
599 810 774
810 562 717
562 735 717
717 735 734
735 646 734
734 646 685
685 744 612
744 513 612
568 605 604
653 666 637
850 856 846
587 568 548
689 690 747
679 513 744
2126 2001 2093
746 700 480
399 372 528
599 535 810
535 562 810
1305 226 1151
521 23 17
522 23 521
864 856 850
2030 2059 1539
766 700 746
617 651 608
651 635 608
572 21 709
641 698 729
1521 1517 2475
499 628 690
689 499 690
690 628 599
779 643 640
578 577 560
130 667 196
196 667 813
788 808 797
621 759 149
620 562 535
672 744 685
672 817 744
817 679 744
679 95 513
2494 2461 1027
1027 582 574
662 793 663
628 760 599
760 756 599
599 756 535
620 695 562
754 735 562
695 754 562
632 735 754
632 646 735
622 685 646
632 622 646
685 622 672
818 679 817
679 818 95
1728 1676 1095
2481 1898 2470
536 535 756
535 536 620
672 818 817
2427 221 229
24 23 522
24 556 23
37 24 18
709 21 271
662 758 793
1119 877 1194
536 695 620
695 632 754
821 2214 2219
96 95 1052
749 783 742
886 904 863
767 783 372
511 512 547
572 663 21
695 714 632
672 520 818
2453 2452 2444
882 886 846
305 811 75
641 527 758
797 808 234
993 791 997
586 625 585
1899 1917 1936
644 651 617
536 785 695
520 592 818
514 18 522
740 748 718
788 325 808
538 580 549
656 776 722
683 712 659
691 711 719
651 665 691
506 760 628
471 506 628
506 756 760
622 632 672
723 520 672
514 515 18
303 674 673
177 777 720
946 1446 2357
625 644 617
585 625 617
783 767 741
752 536 756
536 752 785
723 980 520
520 980 592
978 558 849
636 659 676
786 630 575
140 116 384
808 398 234
640 753 557
541 552 560
741 767 761
443 415 532
527 686 795
812 597 565
1489 1500 1556
752 756 506
785 714 695
632 723 672
2089 2061 2108
645 652 659
659 693 682
676 659 682
1871 838 837
1223 17 29
325 392 808
798 528 372
312 506 471
714 773 632
973 698 840
702 819 815
691 710 675
1013 354 765
874 751 1018
626 645 659
710 691 719
651 691 675
798 372 783
812 565 566
2461 2481 2474
763 643 779
1478 1923 1915
752 737 785
737 606 785
785 606 714
714 523 773
632 773 723
558 978 671
757 797 782
682 693 704
819 702 561
763 686 643
743 742 724
312 752 506
606 523 714
663 800 21
645 626 609
799 819 561
749 768 806
766 746 532
577 585 603
861 592 980
687 2381 1082
305 303 673
737 583 606
167 135 237
772 551 764
2472 2463 2457
772 792 551
625 618 657
1006 1138 1012
561 528 798
743 749 742
658 682 692
676 682 658
312 736 752
752 736 737
606 728 523
26 517 27
552 568 579
656 162 776
579 568 604
788 797 757
768 561 806
819 670 815
637 645 610
1073 597 643
749 798 783
1930 906 897
2482 2486 2460
736 583 737
1438 1437 1430
2097 1212 543
47 577 74
795 630 786
814 731 20
580 587 549
624 635 650
777 1010 809
692 704 724
692 682 704
235 1920 1965
583 728 606
2236 1865 2226
529 540 27
236 738 247
511 529 27
726 777 770
683 726 712
2236 2219 825
541 560 559
527 795 699
807 784 670
738 591 247
894 904 895
739 245 185
271 136 978
769 768 743
711 741 719
1212 2025 543
1887 1234 2437
554 553 2310
736 312 1191
1584 1611 1610
694 720 684
517 16 27
768 769 561
718 748 739
647 668 678
772 656 722
605 636 618
2071 2061 2041
605 618 625
548 568 552
160 637 610
909 916 941
916 1102 941
990 1025 991
978 136 671
784 162 656
709 2487 2471
610 580 118
807 670 819
1819 1899 1869
758 699 590
636 676 618
2493 2489 2462
670 764 815
686 763 779
1018 991 1025
1725 1718 986
712 770 693
50 2354 77
509 525 524
524 525 1248
525 32 1248
2310 553 2334
826 847 839
602 590 648
757 268 739
1594 1611 1585
1693 1047 1698
681 739 185
21 800 602
554 569 553
1052 109 96
614 581 600
813 667 187
724 704 743
527 699 758
639 647 619
702 700 561
885 891 581
630 730 575
1086 1834 1746
881 863 894
955 949 1102
1501 2499 2469
204 189 199
814 877 615
615 877 994
1182 877 814
1600 1826 880
526 534 525
2183 2182 2174
1141 1124 1132
234 337 797
159 338 791
598 91 74
597 1115 565
630 557 730
770 769 743
729 527 641
840 698 641
667 400 187
509 526 525
748 757 739
705 720 694
693 725 704
693 743 725
905 910 904
660 694 160
707 814 615
534 546 32
793 758 590
777 807 789
268 757 782
770 743 693
799 807 819
570 885 581
853 947 1009
905 904 886
624 650 634
1999 1225 533
2139 1503 2015
600 619 614
619 600 639
647 639 668
697 451 438
670 784 656
1560 2355 544
684 652 666
684 726 683
567 615 796
707 731 814
92 228 338
864 850 838
941 1102 949
588 613 124
605 609 626
950 833 872
91 598 624
1877 829 1901
2481 2097 1898
567 707 615
707 550 731
2433 2486 2482
159 963 664
2315 2390 2308
761 757 748
569 613 588
887 896 882
1999 1516 1387
684 720 726
587 609 605
652 684 683
650 649 634
759 1150 5
792 621 149
650 675 649
743 768 749
540 541 559
475 499 689
472 1063 1056
560 577 559
635 624 598
875 994 948
828 855 845
681 703 739
790 789 769
2465 2499 2459
578 586 585
1351 1207 1094
1683 1478 1915
603 608 635
750 720 705
809 607 781
671 602 648
474 446 475
793 590 800
681 185 649
807 799 789
643 597 812
703 718 739
1010 607 809
1191 583 736
686 779 795
2336 473 2311
637 666 645
705 1185 727
732 574 567
594 550 707
594 539 550
1307 500 1851
664 338 159
526 2446 534
557 8 730
722 792 772
659 712 693
692 724 665
561 766 528
549 537 530
2266 2286 2232
995 963 159
2067 2469 2465
703 710 718
740 761 748
604 605 625
547 541 529
994 877 708
1897 1683 1915
777 790 770
781 162 784
788 757 761
856 882 846
732 969 1027
837 828 824
2446 510 534
21 602 136
704 725 743
604 586 579
511 547 529
742 783 741
789 799 769
777 809 807
1013 997 354
707 567 594
655 696 550
539 655 550
142 124 613
999 1019 982
777 177 1010
675 703 681
636 626 659
605 626 636
700 551 480
807 809 784
589 569 554
715 594 567
2354 2334 553
911 1728 910
1075 1455 1545
696 67 491
675 710 703
838 850 837
1027 574 732
1019 843 981
715 567 574
843 780 981
1237 2155 2033
552 579 560
579 578 560
451 460 452
559 577 47
563 539 594
631 655 539
563 631 539
74 577 598
517 26 534
510 517 534
782 797 787
641 758 662
719 741 740
604 625 586
579 586 578
724 711 665
561 700 766
1728 922 910
711 742 741
618 676 657
160 694 653
769 799 561
2083 2488 2471
574 558 715
715 563 594
653 694 684
842 854 2063
33 730 8
526 509 1972
722 621 792
991 1725 986
692 665 651
2471 852 572
623 158 147
670 656 772
680 187 497
796 969 732
564 655 631
564 696 655
564 730 696
1948 950 919
84 110 83
661 199 189
43 323 753
32 546 39
657 692 651
657 651 644
663 793 800
665 711 691
638 647 661
610 645 609
849 558 574
1446 2489 1105
1971 1954 1934
581 614 589
65 580 538
779 640 630
795 779 630
1048 1191 82
1347 12 1518
798 806 561
580 610 587
686 794 643
662 7 641
1935 1971 1934
649 675 681
614 629 589
729 794 686
741 761 740
547 552 541
1047 1691 1073
657 658 692
36 51 29
610 609 587
648 631 563
564 575 730
2137 921 1057
1203 853 964
724 742 711
643 812 640
659 652 683
770 790 769
643 794 1073
468 479 680
558 671 563
715 558 563
671 648 563
2160 1377 2170
473 474 475
815 764 700
764 551 700
512 537 547
753 323 106
608 585 617
24 522 18
676 658 657
688 451 697
1333 1114 1352
699 564 631
699 575 564
480 551 792
762 900 2457
549 548 537
780 963 995
1595 1633 1594
197 915 1123
197 1123 340
841 972 1024
841 1024 835
1008 1023 933
572 709 2471
1099 970 1001
1500 1080 1556
1224 1218 954
412 2137 283
954 1629 521
340 1123 300
2332 2375 2349
1106 217 283
397 924 1512
1512 1441 1494
1934 1454 1743
1722 1934 1743
824 1871 837
1494 1441 1495
962 1023 1008
1510 1513 965
1774 1728 911
687 261 1066
713 1006 1511
918 1731 913
2318 2330 2303
2399 2406 2390
1673 2163 1779
842 926 898
1659 987 1187
1066 261 1639
1380 1108 1482
1436 1380 1482
2494 1009 947
1513 1288 1312
898 373 960
1437 1429 1421
1633 1094 1631
2486 972 2460
1002 498 873
848 847 826
1429 1461 1452
2495 2083 2470
908 9 979
729 926 834
2030 1539 1535
830 848 2177
880 833 950
1840 1721 1802
1004 669 1019
1020 669 1004
1868 2058 2466
902 901 1938
2475 2501 1650
852 7 572
1849 830 2177
933 745 246
933 64 745
300 284 1076
967 943 976
969 2494 1027
973 2464 373
898 926 373
1881 1897 1915
1612 1633 1595
908 832 1395
2491 246 1002
918 913 1930
1458 1298 1457
1633 1631 1632
843 669 227
2493 2496 2466
900 972 2486
227 1771 733
1700 1708 1665
962 573 1023
846 863 855
1729 1735 2238
869 858 847
2073 2110 2102
1139 1589 1482
926 729 973
2102 977 2073
755 1744 1717
847 858 839
1295 1481 1319
2330 50 65
1066 987 961
1395 832 1444
1000 1004 999
900 1008 972
1098 1076 816
932 943 935
951 957 1827
987 1659 985
832 1066 1444
1066 1639 987
217 412 283
1842 179 346
1845 1707 1797
2468 2476 854
1005 1020 1004
380 381 249
2368 827 530
967 976 1000
2459 1948 778
1193 1440 1114
1000 999 967
755 677 1744
962 1008 900
2470 2083 2471
840 641 7
981 990 1026
669 843 1019
1288 1513 944
868 903 889
1160 1114 1638
822 2177 848
745 11 498
262 427 2365
1684 1074 1691
1001 925 805
1798 1754 215
943 967 992
942 943 992
30 37 18
530 827 549
1500 1077 1080
1920 1148 430
935 942 931
1659 1488 1411
300 979 284
902 917 901
868 889 867
889 902 866
1002 745 498
950 1948 2499
989 840 852
1594 1633 1610
373 926 973
835 1024 246
1652 1651 1637
1302 1544 1141
1615 1630 1637
1628 1545 1627
935 931 912
512 505 530
867 889 866
2329 2368 2352
923 917 913
906 913 903
1257 1420 1266
300 938 979
1471 1481 1295
867 866 858
471 490 312
271 518 2487
1470 1471 1295
1024 933 246
1633 1632 1610
2175 1846 2176
1309 1288 805
923 932 917
1968 1967 901
2106 2127 2117
1427 1435 1286
1138 1563 1616
2377 571 2383
852 840 7
2500 960 2464
1220 1239 1407
1068 1577 1626
1005 1004 1000
1616 1563 1577
827 538 549
1790 2167 2159
1828 1717 1738
1967 1938 901
755 1717 664
1997 1999 1387
2450 544 2355
177 996 1010
1274 324 1269
1708 871 1665
2175 1958 1846
943 942 935
2423 517 510
1444 1066 961
2006 951 1827
2051 2060 2080
827 2302 538
834 1698 1047
1708 1705 871
884 573 962
1317 1295 1319
858 866 1901
1451 1447 1420
942 992 975
992 999 982
853 1009 875
987 985 961
2030 2051 2080
923 1731 1827
964 948 1059
780 227 733
1717 1764 664
942 975 931
1679 1793 1782
1447 1470 1275
1275 1266 1420
1930 913 906
990 780 995
1275 1420 1447
9 908 1395
830 859 848
1522 1761 1773
923 1827 936
306 993 1013
945 962 900
977 2102 976
976 1005 1000
1006 1160 1638
1638 1293 1436
884 1031 573
1293 1380 1436
732 567 796
791 228 1111
118 580 107
842 834 926
1888 859 830
2210 2215 2203
2399 2430 2421
2102 1005 976
839 1901 829
826 839 829
826 829 821
1002 873 2491
1431 1438 1430
780 733 963
1936 1935 1722
917 912 901
957 976 943
1849 2177 2176
1004 1019 999
990 995 306
1395 1444 339
2178 1762 888
938 908 979
1827 957 936
977 976 957
1589 1570 1562
778 1948 919
1550 1361 1572
2102 2141 1005
919 884 962
945 919 962
1583 1615 1582
1452 1471 1451
1646 1616 1577
1577 1563 1626
1627 937 1068
868 867 858
992 982 975
911 1761 1774
751 750 705
1627 1545 937
843 227 780
839 858 1901
897 906 903
1024 972 1008
662 663 572
762 945 900
897 903 868
2171 888 1762
1127 925 970
859 847 848
903 902 889
2485 2458 2478
576 781 607
932 935 917
2176 1846 1850
664 1764 338
936 957 943
893 980 723
967 999 992
2191 2194 2204
1651 1098 816
996 607 1010
996 576 607
576 162 781
1111 997 791
2176 1850 1849
1256 1420 1257
950 872 919
821 829 2214
1898 2495 2470
1772 1667 1557
903 913 902
931 1670 912
872 884 919
1012 1616 1646
872 1031 884
893 861 980
2468 854 960
912 1670 1968
2476 2063 854
917 935 912
859 869 847
936 943 932
1500 1012 1646
823 177 750
823 996 177
823 576 996
642 162 576
862 855 881
2127 2152 2133
721 773 879
721 893 773
863 904 894
849 574 582
913 917 902
923 936 932
1500 716 1012
1586 1323 927
716 1511 1012
601 576 823
765 642 576
893 708 861
708 877 861
975 974 931
1323 1595 927
879 523 1059
2433 2458 2498
1323 1612 1595
751 823 750
601 765 576
1013 601 593
1386 1225 2151
2152 1386 2151
668 929 949
1709 1693 1698
767 325 761
581 891 600
973 989 2464
623 115 624
834 794 729
2457 2483 762
988 601 823
2063 2476 1709
975 982 974
948 721 879
995 159 993
2304 862 555
555 862 885
600 909 639
2263 824 828
988 823 751
855 863 881
1594 1585 2380
1626 1628 1627
2173 2179 2172
2127 2133 2117
136 271 21
948 879 1059
994 893 721
893 994 708
893 723 773
885 894 891
639 909 929
870 869 859
845 855 862
1025 874 1018
837 850 828
1023 1170 933
35 188 204
862 881 885
885 881 894
874 1025 593
51 1458 1268
895 916 909
1024 1008 933
948 994 721
2151 1225 1635
894 895 891
891 909 600
941 949 929
874 988 751
593 601 988
765 354 642
354 259 642
904 916 895
964 1059 1161
891 895 909
1100 1051 1041
1028 1030 833
1100 1132 1117
341 356 375
515 514 2453
1655 2493 2466
1055 1302 1132
1119 1129 861
68 341 375
1054 1055 1132
498 68 164
84 100 110
1030 1031 833
199 678 1165
1030 1041 1031
1170 64 933
1821 1203 1176
1095 955 1102
513 95 96
955 1144 1143
1184 1165 1143
1144 1184 1143
1184 199 1165
374 131 1040
1152 1201 304
31 1243 1248
1095 1086 955
553 77 2354
1190 137 109
64 34 431
1086 1109 955
1109 1145 955
955 1145 1144
1145 1155 1144
1144 1155 1184
949 955 1143
2480 2494 947
1155 1192 1184
1049 1046 1050
238 150 106
1184 1192 35
1746 1109 1086
1133 1145 1109
1145 1156 1155
1155 1156 1192
1040 1044 1033
1396 1133 1109
1156 1145 1133
1156 1174 1192
1192 198 35
1089 1034 1195
1455 1149 1050
1174 198 1192
1185 694 198
1185 198 1174
1174 1156 1133
727 1185 1174
196 759 5
1129 592 861
1166 1108 181
1193 1114 1160
2139 1927 1503
920 921 2137
1146 1133 1396
1718 1146 1396
1146 1174 1133
1174 1146 727
340 1653 1207
753 150 8
283 2137 1057
1187 1556 1659
1190 109 1052
915 283 1188
283 1057 1188
2093 1464 2126
1725 1018 1146
1146 1018 727
592 1129 95
238 304 1037
1035 1130 314
396 1130 1119
1052 95 1129
2466 2484 1868
516 1088 420
833 1826 1028
418 1046 1116
1033 432 1305
2238 1861 1729
1452 1461 1471
1407 1421 1398
470 22 1110
1204 1149 1455
1204 1039 1149
1130 1035 292
292 1067 1043
374 1040 137
1204 1139 1045
1039 1204 1045
1139 1166 1045
1103 1048 82
1051 1084 1031
1043 1067 1190
1166 1482 1108
207 1083 1034
1039 131 374
1833 19 2
1049 1050 1069
1132 1124 1173
10 1439 1400
419 207 1070
1134 1078 1093
1085 1100 1117
1028 1029 1030
1199 1060 293
1190 1067 137
1170 1140 64
1140 1171 64
1171 34 64
1171 403 34
403 98 34
220 1103 1062
801 397 1082
19 1088 2
2063 1698 834
1041 1051 1031
1432 1260 1431
1322 2337 154
1075 1204 1455
1087 1401 1055
1149 347 1069
1199 1088 19
1096 1161 99
1031 872 833
20 470 1110
293 1096 1103
1071 99 583
1150 759 621
131 1044 1040
1049 1069 1134
1087 1038 939
649 158 634
99 1169 728
728 583 99
1102 930 1095
924 1442 1512
137 1101 109
1033 1305 1151
1070 1034 1089
99 1071 1096
22 1157 314
1067 374 137
1585 1611 1584
1818 1029 1028
1040 1033 1101
231 374 1067
347 1078 1069
1060 1096 293
1512 1442 1441
1199 293 1118
375 1049 1061
1093 1035 314
1199 1118 1088
1110 1182 20
1043 1190 1052
697 294 688
1078 231 1035
403 1116 98
1494 1495 716
1118 293 97
2 1088 516
1131 1062 82
1131 82 174
131 1045 181
1110 1194 1182
1130 1043 1036
126 401 1803
218 1271 1046
1696 1134 1093
2139 1853 2116
1110 396 1194
1176 1161 1096
1060 1176 1096
716 1508 713
1 1299 432
461 289 460
97 293 220
293 1103 220
713 1160 1006
1072 1151 1142
1696 1093 1359
1222 1422 1217
835 2478 841
1096 1071 1048
347 1039 374
2 516 315
179 1060 1200
347 374 231
1431 1430 1414
219 1512 1494
1103 1096 1048
305 673 595
776 454 722
2169 2150 1640
1046 418 218
1101 1033 1072
1072 1033 1151
1034 1053 1195
1176 1203 1161
745 64 11
750 177 720
1053 516 420
1050 1149 1069
1101 1072 109
997 1135 354
566 565 1162
1110 314 396
1047 1073 834
1157 1093 314
1373 1106 1251
1111 1135 997
471 628 499
354 1135 259
259 117 42
1103 82 1062
375 356 1049
1462 1141 1544
1035 231 292
1029 1041 1030
1078 347 231
220 1062 1131
1093 1078 1035
1075 1628 1204
1135 1196 259
259 1196 117
1203 964 1161
292 231 1067
1589 1204 1628
1204 1589 1139
249 381 391
1295 1317 1310
346 1200 19
1200 1199 19
131 181 1044
1100 1085 1051
1032 1038 1054
137 1040 1101
969 1009 2494
454 776 42
1991 1947 2022
19 1833 346
1071 583 1048
583 1191 1048
181 1 1044
1162 323 43
1359 1093 1157
1449 1359 1157
1090 1111 228
508 722 454
206 508 454
1250 1256 1265
1487 1488 1546
2156 1540 1874
304 106 323
1044 1 432
1069 1078 1134
1135 1167 1196
1196 358 117
117 358 42
358 355 42
355 454 42
355 206 454
1239 1421 1407
1162 1152 323
1200 1060 1199
1051 1085 1084
1023 1140 1170
1111 1104 1135
1049 1134 1061
1104 1167 1135
1167 1177 1196
1196 1177 358
1172 403 1171
464 355 358
1173 1124 239
1239 1430 1421
1097 1112 1104
1111 1097 1104
1104 1177 1167
1177 464 358
1090 1097 1111
1132 1173 1117
97 220 1058
486 1131 174
979 1016 284
464 206 355
179 1200 346
1059 523 1169
444 126 315
1430 1437 1421
497 468 680
939 1806 1758
380 249 1289
1112 1121 1104
1104 1121 1177
1150 508 206
1235 2034 524
1130 292 1043
345 206 464
345 1150 206
1821 1795 1203
1142 203 96
122 1127 970
2152 2151 2133
125 1150 345
516 444 315
1449 1157 22
1457 1461 1429
1128 151 1181
1121 1158 1177
1177 1197 464
78 345 464
125 1154 1150
1150 1154 5
294 1128 688
1072 1142 96
1097 1122 1112
1112 1122 1121
1122 1168 1121
1177 1158 1197
1197 78 464
391 382 151
1821 1060 179
115 91 624
420 1088 1118
1128 294 151
109 1072 96
1172 1171 1140
1121 1168 1158
78 125 345
1154 180 5
970 925 1001
294 1042 151
1038 1087 1055
1427 1265 1435
403 418 1116
835 878 2478
2463 2475 2457
1197 316 78
1123 938 300
43 753 566
1038 1055 1054
1438 1458 1457
1659 1411 985
1168 1159 1158
178 1154 125
1154 130 180
1060 1821 1176
1152 304 323
174 313 326
1159 1186 1158
1158 1186 1197
1197 1186 316
78 178 125
1042 249 391
151 1042 391
95 818 592
1122 1126 1168
316 178 78
1056 1154 178
1154 390 130
130 390 667
2380 1585 1584
11 68 498
261 397 1639
2106 2117 2059
2129 2093 2001
1186 248 316
1154 1056 390
1289 438 1264
304 238 106
1126 1159 1168
316 472 178
472 1056 178
82 1191 313
1042 1289 249
1806 939 1029
516 1083 444
1056 1163 390
2491 2479 2492
162 642 42
1055 1544 1302
1068 1654 1022
248 472 316
1161 1059 1169
1085 1117 1153
81 67 15
1988 1989 1535
1632 1631 1610
1486 2371 1304
1493 1068 1022
1136 1159 1126
668 1165 678
389 1284 425
1954 1971 1970
1218 1222 2436
1253 1260 1222
1318 1544 1055
1319 1327 2442
1260 1432 1222
1218 1253 1222
253 221 2427
1236 1289 1264
1283 1272 1262
1276 1290 1300
1313 101 1300
1279 362 376
1312 1352 1513
467 450 438
1917 1963 1955
2025 28 2139
1353 380 1278
1223 29 1253
146 157 172
1246 1252 273
1270 379 333
2042 2071 2041
273 299 266
1355 1391 210
12 239 1141
1381 1329 1391
1311 1322 154
239 1124 1141
2357 1572 1361
1235 1248 1243
1271 218 1347
1270 1273 379
190 2033 1981
1991 2051 1989
461 451 688
2261 2285 2260
182 488 1641
2484 2479 1868
83 110 1322
1189 352 1353
445 433 434
1335 170 1340
2020 429 2058
861 877 1119
1262 1272 1247
1965 1920 2143
1311 83 1322
239 12 1347
1358 1273 1270
1391 1329 1246
1519 1332 10
1367 1252 1246
1278 1284 1189
2464 989 2488
1271 1518 804
1368 1271 804
1316 94 1343
1241 1247 1233
1367 241 1362
273 1261 1385
531 596 1885
2116 2025 2139
1391 1246 273
2161 507 984
1963 1468 1964
1314 103 1330
1391 1355 1381
127 1341 1335
1284 426 425
1218 1223 1253
1319 1321 1320
1319 1320 1327
152 2442 1327
1320 152 1327
1234 1243 1242
1224 1223 1218
1358 352 1189
1311 1472 1457
1335 1341 146
304 1332 1037
1335 146 170
515 30 18
2478 2460 841
1236 1264 426
1262 1277 1283
880 1826 833
1236 426 1284
1298 1311 1457
1189 1284 1273
1362 285 1252
2329 2302 827
426 441 425
2492 2462 2491
1284 379 1273
521 17 1224
2470 2471 2487
2337 153 1320
1422 1414 1217
1224 17 1223
1252 285 1261
285 352 1358
170 1367 1382
1272 53 1233
1972 2446 526
1321 154 1320
1202 1368 1412
1306 362 1297
1363 1374 1328
1328 226 1305
295 1297 1342
946 2498 1446
1202 1046 1271
1097 1747 1122
1518 1271 1347
1276 69 1272
1281 1336 1360
285 301 352
102 103 1314
1376 434 433
1448 1260 1344
925 1309 805
1262 1247 1241
984 507 596
1414 1221 1217
87 1324 103
169 110 155
1383 1281 1360
273 1252 1261
1370 1316 1343
1370 1365 1336
1344 1458 1448
170 1382 1340
2437 1234 1226
2133 1581 2117
427 1259 1378
1335 1340 1324
1234 1241 1226
1227 1686 2283
1853 2139 2015
1865 1886 1872
1342 1297 1369
1383 1360 2439
170 241 1367
1343 1308 1365
1370 1343 1365
1279 1376 1292
199 1184 204
1329 1382 1367
1254 1263 1262
542 1366 1875
1342 1369 1259
1292 1325 1369
2439 1360 1301
1281 1383 2405
270 1336 1281
169 2337 1322
1527 1502 2469
514 1346 2452
1996 1704 1997
2284 1227 2283
1228 1249 1227
1329 1367 1246
1918 1618 2044
1343 1363 1334
1221 1239 1220
1211 857 1740
2387 1221 1220
1527 2469 2067
500 1307 2170
1294 1310 1486
2115 1618 1654
1219 1228 1227
7 662 572
1342 1259 427
1336 1365 1360
1297 1279 1292
1268 1344 1260
1278 380 1289
1229 1228 1219
1229 1244 1228
1244 1249 1228
1226 1233 30
1301 1360 1349
1244 1265 1427
1991 2022 2051
2481 2470 2474
451 461 460
270 1281 1274
1990 1988 1933
1365 1308 1349
1343 1334 1308
729 698 973
1373 1251 1207
596 507 1911
1362 1252 1367
1385 1270 299
1210 1217 1221
1375 1376 433
2398 2436 1210
1283 1290 1276
1229 1250 1244
1250 1265 1244
1316 1370 1336
1287 1285 1094
1094 1285 1351
1240 1207 1351
1240 1373 1207
1283 1277 1290
210 1391 266
1343 1374 1363
928 582 1027
1360 1365 1349
1114 1293 1638
1290 102 1300
1219 1230 1229
1230 1250 1229
1233 1247 1272
1254 54 1263
1359 1449 1701
362 1279 1297
1368 1202 1271
1414 1239 1221
1215 1230 1219
1242 1262 1234
1374 226 1328
1263 1277 1262
854 898 960
1285 1240 1351
2080 2127 2106
1222 1432 1422
1472 1311 154
153 152 1320
1376 1375 1292
1391 273 266
333 299 1270
1954 1990 1933
1612 1326 1287
1326 1285 1287
1348 1373 1240
2369 2024 2366
1314 1330 132
433 445 1255
1231 1250 1230
1242 1243 1254
1285 1303 1240
1348 1106 1373
1358 1270 1385
1226 515 2430
218 239 1347
1269 270 1274
1254 1262 1242
2025 1925 28
1682 2156 1211
1325 1292 1375
1254 31 54
103 1324 1340
518 2461 2474
2153 2160 2136
1375 433 1245
1245 433 1255
1256 1250 1231
1261 1358 1385
2194 2191 2185
1307 533 1225
2025 2116 543
1326 1612 1323
1326 1325 1285
1285 1325 1303
103 1340 1330
773 523 879
836 1516 533
1126 1122 1566
1278 1236 1284
1296 1380 1293
1216 1231 1215
1141 1518 12
1435 1266 1286
1323 1371 1326
1303 1245 1240
1245 1348 1240
1245 1372 1348
285 1358 1261
1381 1382 1329
1283 1276 1272
488 1997 1798
1674 1115 1074
105 1316 1336
1310 1294 1280
1291 1363 1328
1334 1363 1291
1333 1293 1114
1333 1296 1293
1299 1380 1296
972 841 2460
1216 1238 1231
1231 1238 1256
1257 1266 1435
1358 1189 1273
1861 1404 1876
1371 1338 1326
1338 1325 1326
1372 1350 1348
1275 1310 1280
1255 2385 1350
1 1108 1299
481 1730 519
802 1603 2021
1222 1217 1210
1340 1382 1381
1297 1292 1369
1189 1353 1278
1323 2397 1371
1713 1699 2172
182 1999 488
1700 1665 191
1226 1241 1233
1331 1288 1309
1516 2004 2129
1330 1340 1381
524 1248 1235
22 1267 1449
1263 1290 1277
1280 1286 1266
1294 1304 1286
1280 1294 1286
1486 1304 1294
1604 2096 2057
1325 1375 1303
1303 1375 1245
1315 1918 1983
2499 1948 2459
1331 1312 1288
2188 2180 2176
1334 1333 1352
1291 1296 1333
1427 1249 1244
968 957 951
1216 1232 1238
1232 1256 1238
1875 1366 1337
1378 1259 1371
1371 1259 1338
1127 1301 1309
1309 1301 1331
1334 1352 1312
1291 1333 1334
1296 1328 1299
1278 1289 1236
1300 102 1313
69 1300 101
22 1332 1267
379 1284 389
771 324 1274
1313 102 1314
2472 2457 2486
1275 1280 1266
1343 94 1374
2052 1770 1571
1245 1255 1372
1372 1255 1350
1339 1301 1127
1349 1312 1331
1328 1296 1291
2433 2472 2486
105 1336 270
22 470 1332
621 722 508
1387 1516 2126
1990 1989 1988
182 1635 1225
2132 1604 2150
1259 1369 1338
1338 1369 1325
866 1893 1901
389 425 411
1234 1262 1241
1398 1421 1232
304 10 1332
1299 1328 1305
1301 1349 1331
1349 1308 1312
1308 1334 1312
2469 2101 1501
1786 1530 1598
1723 1724 1690
1826 1600 1926
1677 1357 1475
1822 1811 1845
1804 1823 1707
1745 1675 1796
324 2394 428
1834 1676 1825
1506 1789 1721
1525 1671 857
157 146 1341
1461 1472 1321
1473 1413 1564
1760 1899 1876
939 1758 1007
1564 1014 1007
1923 1532 1932
1877 825 829
1564 1413 1014
1401 1087 1007
1537 1531 1650
1014 1551 1007
1537 1590 1473
1531 1537 1473
1473 1590 1413
1483 1401 1007
1551 1483 1007
1413 1459 1014
1014 1459 1551
805 1288 944
1596 1537 1658
1483 1318 1401
1055 1401 1318
1537 1596 1590
1590 959 1413
1413 959 1459
1924 1465 1454
1551 1399 1483
1483 1399 1318
1399 112 1318
1596 1579 1590
1459 1399 1551
1513 1440 965
1596 1658 1408
1656 112 1399
1459 1656 1399
1287 1094 1633
1550 1596 1408
1579 1597 1590
1590 1597 959
1535 1989 2030
959 1656 1459
1808 1745 1796
1422 1432 1431
2477 1361 1408
1462 1544 112
1656 1462 112
1456 1286 1304
1681 1715 1745
1433 1760 1884
1012 1138 1616
2378 1361 2477
1419 1596 1550
1419 1579 1596
1663 1807 1711
2255 2249 2230
1361 1550 1408
2195 2213 2212
1690 1724 1776
1625 191 1665
1533 1573 2057
1573 1599 1604
1599 1605 1604
1605 1640 1604
1572 1419 1550
1656 1484 1462
677 1805 1741
1533 1552 1573
1573 1574 1599
1809 2169 584
1622 1640 1605
1406 1656 959
1597 1406 959
1484 1141 1462
1715 1580 1675
1737 1742 1732
842 2063 834
1538 1574 1573
1552 1538 1573
1574 1591 1599
1591 1623 1605
1599 1591 1605
1641 584 1640
1622 1641 1640
1484 163 1141
1737 1515 1742
1808 1719 1797
1532 1534 1533
1591 1606 1623
1623 1622 1605
1162 565 1115
1406 1484 1656
1431 1448 1438
1099 801 2381
1742 1515 1721
1745 1715 1675
1534 1538 1533
1533 1538 1552
1641 1622 1623
1094 1207 1653
966 1406 1597
1579 966 1597
1808 1796 1719
1923 1523 1534
1532 1923 1534
1538 1575 1574
1641 215 584
1406 1528 1484
1484 1528 163
1471 1461 1481
1414 1430 1239
965 1193 713
382 1181 151
473 2336 445
1742 1840 1756
1485 1523 1923
1534 1524 1538
1574 1575 1591
1419 966 1579
1287 1633 1612
458 426 1264
1403 2178 1392
1403 1402 1799
1403 1409 1402
1409 1748 1402
1348 1350 217
1485 1497 1523
1534 1523 1524
1606 1635 1623
182 1641 1623
1635 182 1623
1106 1348 217
1350 844 217
163 1518 1141
844 412 217
1524 1575 1538
1575 1581 1591
1591 2133 1606
2133 1635 1606
2146 1490 1400
1406 1588 1528
1528 1518 163
1692 1762 1443
1923 1478 1485
1591 1581 2133
498 164 873
2175 1856 1958
2326 2367 2325
2357 820 952
952 820 1572
1823 1703 1463
1730 1357 1677
1393 1409 1403
1393 1417 1409
1465 1478 1838
1485 1478 1497
1497 1524 1523
1575 2079 1581
1784 1683 1897
803 397 801
803 924 397
1446 1561 2357
2357 1561 820
820 1619 1572
1619 1419 1572
1419 1555 966
1392 1393 1403
1524 2079 1575
1620 1419 1619
1620 1555 1419
966 1588 1406
1504 4 1356
1265 1257 1435
1392 1394 1393
2175 2174 1847
1454 1465 1838
1524 1539 2079
1581 2079 2117
1099 803 801
1555 1588 966
1588 1081 1528
1092 1684 1356
1503 1092 1356
1424 1417 1393
1474 1478 1465
1478 1505 1497
1788 1783 1729
2500 2464 2488
1437 1457 1429
1461 1457 1472
1453 804 1528
1081 1453 1528
1528 804 1518
1424 1393 1394
1424 1743 1417
1478 1474 1505
1539 2059 2079
1555 1081 1588
1442 944 1510
1505 1535 1497
1497 1535 1524
1524 1535 1539
1669 851 1671
1997 1387 1388
1510 965 1508
1508 965 713
1441 1442 1495
1561 1634 820
154 1321 1472
1438 1457 1437
1425 1424 1394
1474 1498 1505
1734 1587 1775
2421 2453 2420
1422 1431 1414
1558 2100 2072
844 865 412
1428 1619 820
1619 1428 1620
1227 1249 1686
1001 944 1442
2381 801 1082
1858 1410 1394
1410 1425 1394
1425 1743 1424
1589 1436 1482
1479 1474 1465
1479 1498 1474
1509 1732 1742
1662 1695 1657
1429 1452 1451
1451 1471 1470
1451 1470 1447
1429 1451 1420
1429 1420 1421
1428 1081 1555
1620 1428 1555
1350 2385 844
1125 1058 486
1638 1436 1562
1503 1927 1092
1498 1535 1505
1587 1769 1726
1109 1746 1396
1775 1587 1530
1321 1319 1481
1589 1628 1570
1729 1876 1837
1428 934 1081
1081 934 1453
803 1442 924
1138 1006 1638
1924 1479 1465
1933 1988 1479
1498 1988 1535
1726 1525 1530
1592 1613 501
2454 2430 2399
1754 1679 907
1562 1570 1563
1646 1077 1500
2489 1634 1105
1495 1510 716
2453 2430 515
1477 1152 1092
1869 1425 1410
1425 1722 1743
961 985 1411
716 1510 1508
1824 1703 1823
2224 2233 2252
1489 1556 1187
1634 79 820
804 1453 934
1185 705 694
1193 1160 713
1511 1006 1012
591 96 203
1257 1265 1256
81 1332 470
1693 1709 1504
1642 489 1660
1660 489 1113
1517 2067 2483
1749 1807 1663
1655 1634 2489
934 1520 804
1545 1628 1075
1300 69 1276
965 1440 1193
1147 1824 1823
1613 1608 1642
1113 1091 1920
1769 1738 1669
1630 1631 1645
820 1015 1428
1428 1015 934
1631 1094 1653
1082 261 687
1723 1685 1724
1643 489 1642
1091 1148 1920
2 892 1831
987 1639 1187
915 1106 283
1655 79 1634
1015 820 79
1015 1520 934
1477 1201 1152
1400 1927 28
1439 1477 1927
1848 1699 1864
1594 1610 1611
1207 197 340
1463 1703 1745
2142 983 1720
1847 1848 1867
1661 1113 489
1668 1786 1681
1655 1617 79
197 1207 915
1439 1927 1400
1520 1368 804
1251 1106 915
1744 677 1671
1702 1778 1720
1749 1464 1807
1608 1643 1642
1091 1113 1661
1825 1522 1792
2261 2260 2223
1695 2165 1766
1015 1647 1520
1207 1251 915
832 687 1066
1793 1802 1557
27 16 511
1749 860 1565
1593 1643 1608
1643 1644 489
489 1644 1661
2228 2261 2223
1601 860 1759
1529 1776 1759
871 1705 1672
1695 1667 2165
1707 1808 1797
1580 1715 1813
1708 1793 1679
1232 1420 1256
1723 1475 1685
1468 1480 1964
1964 1480 1491
2072 1548 1558
1593 1614 1643
1798 1705 1754
1724 1685 1836
1719 1796 1571
1617 2466 2021
1617 1578 79
1647 1015 79
2133 2151 1635
1610 1631 1630
1760 1433 1469
1558 1576 1593
1602 1614 1593
1614 1644 1643
1636 1661 1644
1661 1198 1091
1198 1148 1091
1450 1107 1148
664 733 755
1864 1699 1713
1708 1840 1793
1617 2021 1578
1647 1412 1368
1520 1647 1368
1519 10 1400
1445 1469 1433
1797 1690 1753
2062 1543 2072
2072 1543 1548
1593 1576 1602
1614 1636 1644
1636 1198 1661
1426 1148 1198
2166 1107 1450
1996 1672 1704
1705 1798 1704
1840 1708 1756
1603 1578 2021
1578 706 79
79 706 1647
1519 1400 1490
1648 1519 1490
1434 1433 1884
1469 1468 1460
1480 1507 2023
2369 1543 2062
1548 1567 1558
1558 1567 1576
1602 1609 1614
1614 1609 1636
998 1198 1636
1450 1148 1426
1136 1824 1147
1705 1704 1672
1137 1603 2115
1137 1578 1603
1412 1647 706
2359 2023 1507
597 1074 1115
228 92 1467
1838 1478 1683
2215 2228 2223
1609 1624 1636
328 998 1636
1198 1016 1426
1016 302 1426
302 1450 1426
1791 1753 1776
2308 2390 2300
1654 1137 2115
1137 706 1578
1648 1490 205
1405 1884 1397
1405 1418 1884
1418 1434 1884
1433 1434 1445
1469 1480 1468
1576 1582 1602
998 1016 1198
80 66 940
66 1649 940
1258 1814 2163
1618 2115 2044
1423 706 1137
1701 1648 205
1686 1405 1397
1476 1480 1469
1567 1568 1576
1576 1568 1582
1602 1582 1609
1624 328 1636
2166 339 272
80 272 339
80 961 66
1546 1618 1487
1829 1738 1769
937 1423 1137
1423 1412 706
1526 1648 1701
1526 1519 1648
1526 1267 1519
1249 1405 1686
1440 1352 1114
1202 1412 1050
1249 1418 1405
1476 2371 1480
1480 2371 1507
2448 1559 1567
1548 2448 1567
1567 1559 1568
1568 1583 1582
1651 328 1624
328 816 998
284 1016 998
302 9 1450
9 2166 1450
1411 1649 66
1411 1487 1649
1546 1022 1618
1022 1654 1618
1654 937 1137
1455 1412 1423
1456 1469 1445
1456 1476 1469
328 1651 816
9 339 2166
937 1545 1423
1545 1455 1423
1258 1547 1778
2051 2030 1989
1439 1201 1477
1427 1418 1249
1427 1434 1418
1427 1445 1434
1933 1934 1954
1559 1583 1568
1609 1637 1624
1637 1651 1624
816 1076 998
1076 284 998
979 302 1016
961 1411 66
1493 1022 1546
324 270 1269
1442 1510 1495
1449 1267 1526
1513 1352 1440
1286 1445 1427
1445 1286 1456
1304 2371 1476
1991 1989 1990
1991 1990 1970
1970 1990 1954
2448 1548 2417
1582 1615 1609
1609 1615 1637
9 1395 339
339 1444 80
1444 961 80
1789 983 1752
983 2147 1752
1587 1712 1769
968 977 957
1740 1778 1702
1757 1845 1753
1826 1818 1028
1817 1529 1711
1749 1565 2126
2458 2433 2482
1797 1719 1770
1793 1840 1802
215 1754 1809
1097 1734 1747
1734 1496 1747
1501 2101 1600
880 1501 1600
1454 1838 1743
1705 1708 1679
1211 1740 1702
1787 1968 1670
1074 1073 1691
950 2499 880
2489 2485 2462
1747 1496 1780
1720 983 1839
1814 1258 1740
1625 1755 1836
974 986 1541
2229 2235 2234
1771 677 733
1541 1670 974
1805 1771 1779
677 1771 1805
2217 2224 2267
1827 1731 2006
1525 1687 1530
1751 1525 1553
1843 1817 1711
1822 1845 1803
1780 1668 1703
1720 1778 2142
1769 1669 1525
1496 1668 1780
1097 1712 1734
1741 1814 1740
1525 857 1874
1598 1530 1687
1802 1789 1557
1702 1720 1682
1831 1765 956
1541 1678 1670
1678 1787 1670
1926 1818 1826
1717 1744 1738
1683 1021 1838
1458 1282 1298
1021 1409 1417
2367 2392 2325
1668 1496 1775
1874 857 1211
1738 1744 851
1963 1917 1460
1355 132 1330
1764 1828 1467
857 1741 1740
1005 1673 1020
1722 1935 1934
1467 1712 1097
1723 1677 1475
1679 1782 907
1730 1542 519
1682 1720 1839
1466 1678 1541
1811 1707 1845
1678 1974 1787
1712 1829 1769
1802 1721 1789
2300 2390 2348
1712 1587 1734
1835 1529 1817
1836 1755 860
885 570 555
1180 1804 1811
1705 1679 1754
1676 1728 1774
1775 1786 1668
1525 1669 1671
1726 1769 1525
986 1466 1541
1566 1703 1136
1692 1864 1713
896 1761 911
1134 1696 1061
1696 375 1061
1542 1730 1677
1792 1678 1466
1776 1601 1759
1845 1797 1753
1834 1095 1676
1032 1029 939
1449 1526 1701
1716 375 1696
1710 1716 1696
1716 164 375
1839 983 1789
1668 1745 1703
1668 1681 1745
2300 2348 2307
1881 1443 1897
1819 1788 1729
860 1379 1565
2300 2307 2265
1770 1542 1690
1957 1658 1650
1696 1359 1710
1710 1736 1716
1716 1736 164
1789 1752 1557
1667 1695 1662
1359 1701 1710
1701 1706 1710
1706 1736 1710
1736 1750 164
1443 1781 1692
1715 1786 1598
1743 1838 1021
1897 1443 1784
205 1706 1701
1763 2467 1750
315 1843 892
892 1843 914
1844 1803 1757
1379 860 1755
1779 669 1020
1713 2171 1762
1782 1557 1662
1749 2126 1464
1797 1770 1690
1690 1542 1723
1871 1909 838
1736 2043 1750
1750 2043 1763
1756 1700 481
1724 1601 1776
1835 1844 1529
2101 2469 1502
2495 1898 543
762 2483 945
986 1718 1466
1844 1757 1791
1724 1836 1601
1871 1865 1872
1711 1529 1759
488 1798 215
1759 860 1749
2067 2465 2459
1695 2158 2167
376 1376 1279
1796 1675 1571
1580 2052 1571
1675 1580 1571
1763 2497 2467
2467 2497 1993
1860 1694 1859
2480 2003 2494
1825 1676 1522
1669 1738 851
2233 2268 2252
1723 1542 1677
1657 2167 1790
1396 1746 1718
1695 2167 1657
978 518 271
1773 1974 1678
974 1670 931
1786 1715 1681
1834 1825 1746
2500 2468 960
1809 907 1790
1981 1767 190
1136 1703 1824
1803 1845 1757
2003 2043 1736
912 1968 901
2497 1794 1800
914 1843 1711
1688 914 1711
1739 1751 1540
694 660 198
1864 1692 1781
1823 1463 1808
1828 1764 1717
1815 1767 1981
1815 1621 1767
1621 2164 1680
1767 1621 1680
669 1771 227
1282 1458 51
1784 1443 1748
1674 1074 1684
1566 1780 1703
1857 1856 1847
1525 1751 1687
1790 2159 1809
907 1657 1790
1812 1772 1557
1844 1791 1529
68 375 164
2 1831 1833
1721 1515 1506
1800 1820 1993
1832 1981 2045
1820 1832 2045
1832 1815 1981
1021 1784 1748
2159 2169 1809
1146 1718 1725
1682 1839 1506
1466 1718 1792
1794 1801 1800
1801 1810 1800
1800 1810 1820
1689 2164 1621
1933 1479 1924
228 1467 1090
1779 2163 1741
1671 1741 857
1832 1416 1815
1416 1621 1815
1830 2164 1689
1667 1662 1557
1718 1746 1825
1759 1749 1663
1816 1689 1621
1529 1791 1776
947 1795 1801
1795 1810 1801
1514 1816 1621
1694 1860 1830
1782 1662 1657
1748 1409 1021
853 1795 947
1810 1841 1832
1820 1810 1832
1832 1841 1416
1621 1416 1514
126 1803 1844
1685 1625 1836
1607 1689 1816
1522 1774 1761
126 1844 1835
1811 1804 1707
1522 1676 1774
1779 1771 669
1757 1753 1791
1203 1795 853
1821 1841 1810
1607 1830 1689
1821 1810 1795
1841 1415 1416
1416 1415 1514
1514 1607 1816
1727 1830 1607
907 1782 1657
126 1835 315
1804 1147 1823
851 1744 1671
1477 1092 1927
1821 1842 1841
1842 958 1841
1841 958 1415
1727 1694 1830
1727 1859 1694
2345 445 2336
1601 1836 860
1086 1095 1834
1707 1823 1808
2003 1736 504
1566 1747 1780
519 1542 1882
1759 1663 1711
127 1335 71
2052 1882 1542
1821 179 1842
1785 1607 1514
928 2461 518
511 2401 505
1211 1702 1682
1829 1828 1738
2052 1542 1770
1415 1768 1514
1768 1785 1514
1785 1727 1607
1711 1807 1688
1793 1557 1782
1496 1734 1775
1126 1566 1136
1122 1747 1566
35 204 1184
958 1733 1415
1737 1732 1540
1773 1761 1973
1751 1553 1540
1751 1739 1687
1525 1874 1553
1467 1828 1829
1754 907 1809
1715 1598 1813
1805 1779 1741
2307 2348 2339
1831 914 1688
1712 1467 1829
1813 1598 1345
1831 1688 1765
1021 1683 1784
1092 1152 1115
1671 677 1741
1674 1684 1092
1840 1742 1721
1813 2052 1580
1463 1745 1808
2484 2496 2492
1415 1733 1768
1664 1727 1785
1664 1950 1727
1950 1859 1727
1950 2093 1859
1843 1835 1817
315 1835 1843
1775 1530 1786
1718 1825 1792
2146 1400 28
2110 2120 1547
1740 1258 1778
1842 346 1833
1842 1733 958
1765 1768 1733
956 1765 1733
1765 1785 1768
1765 1688 1785
1688 1664 1785
1753 1690 1776
1506 1839 1789
1760 1469 1460
1522 1678 1792
1090 1467 1097
1819 1729 1837
1842 1833 1733
1807 1950 1664
1587 1726 1530
892 914 1831
1522 1773 1678
271 2487 709
1092 1115 1674
2339 2348 2347
1831 1733 1833
1831 956 1733
1950 1807 2093
1684 1691 1504
1042 294 697
2142 1778 2120
1688 1807 1664
1692 1713 1762
1737 2156 1515
1113 1920 235
1267 1332 1519
1148 1107 430
507 2143 1911
1956 1107 1536
430 1107 1956
1017 1107 2166
1337 1956 1680
2162 1956 1337
1982 1389 2092
29 556 36
1713 2172 2171
1982 1983 1389
1983 2064 1389
883 1761 896
2064 1983 1213
1949 1973 1761
883 1949 1761
2011 1697 1860
1213 2115 802
1949 1937 1973
1937 1966 1973
1899 1760 1460
864 1928 883
883 1928 1949
2061 2070 2041
918 1984 1731
1592 501 2145
1994 1212 2097
1521 2475 1650
2173 1848 2174
1479 1988 1498
1928 1937 1949
1604 2057 1573
2096 1604 2132
1911 2013 1885
2091 2081 2082
205 1929 504
2100 2099 2091
2072 2100 2091
838 1909 864
1909 1900 1928
864 1909 1928
1966 1787 1974
2072 2091 2062
2100 1592 2099
2014 1875 1697
1852 1883 2013
1830 1697 2164
1315 272 80
1900 1919 1928
1928 1919 1937
1919 1967 1966
1937 1919 1966
1848 2173 1699
2172 1699 2173
2061 2071 2090
802 2466 2058
2238 1735 2239
1504 1356 1684
1357 1685 1475
1966 1967 1787
1967 1968 1787
2064 2109 2155
2064 1213 2109
2109 1213 502
272 2092 1017
272 1982 2092
531 1885 2154
2033 2020 1946
215 1809 584
1911 542 2013
1389 2050 1536
1871 1872 1909
1983 2044 1213
596 1911 1885
1592 2145 2099
2070 2061 2089
2033 2045 1981
2033 1946 2045
1213 2044 2115
1872 1886 1909
1886 1900 1909
1561 1446 1105
2162 430 1956
1947 1971 1935
1971 1947 1991
2013 2014 2012
1852 2013 2012
1549 1883 1852
1946 2467 1993
1354 1549 2153
1354 1883 1549
2080 2107 2127
2023 1964 1491
2023 2031 1964
2115 1603 802
1900 1910 1919
1938 1967 1919
1910 1938 1919
871 1625 1665
2061 2090 2119
1818 1926 1758
1020 1673 1779
871 1672 1755
1549 500 2170
1377 1549 2170
2145 2161 2144
1357 481 191
2108 2119 2118
1865 1871 2226
1390 2011 1859
2135 2136 2160
2161 1660 235
1886 1893 1900
1900 1893 1910
504 1706 205
2119 2136 2135
2141 2163 1673
1859 2011 1860
1893 1938 1910
2079 2059 2117
2161 235 507
2163 1814 1741
1017 2092 1536
2153 1377 2160
2040 2097 2490
2042 2041 2031
1107 1017 1536
1464 2093 1807
501 1642 1660
2466 1617 1655
2118 2135 2134
2118 2107 2070
877 1182 1194
2100 1593 1592
2032 2369 2062
2481 2490 2097
1281 2405 1274
2002 1947 1955
2042 2031 2023
2024 2042 2023
2153 1549 1377
1794 2497 1763
2141 1547 2163
2430 2453 2421
1980 2010 1992
2348 2390 2361
501 2161 2145
2024 2023 2359
2128 2119 2090
1731 1984 2006
2170 1307 208
1929 1994 2040
1389 1237 2050
1865 1877 1886
1877 1893 1886
1964 2031 2010
873 2479 2491
2070 2107 2068
1357 1730 481
429 2020 2033
1964 2002 1963
1854 1888 830
1667 1772 2149
1389 2155 1237
897 868 1902
2390 2406 2361
2120 2110 2073
1547 1258 2163
2098 2128 2090
1549 1852 500
1852 1851 500
951 2016 968
2084 2120 2073
2129 2005 1390
2143 1366 542
2099 2145 2098
1544 1318 112
1902 1921 897
1921 1930 897
584 2169 1640
2006 2016 951
2016 2073 968
1557 1752 1812
836 2004 1516
2004 2005 2129
1531 1473 1527
2002 1980 1947
2069 2070 2068
1921 918 1930
2016 2084 2073
2084 2103 2120
2099 2098 2081
2155 2109 2033
504 2473 2003
1902 870 1921
1921 1951 918
918 1951 1984
1984 2000 2006
2000 2035 2016
2006 2000 2016
2016 2035 2084
2035 2046 2084
2046 2074 2084
2074 2103 2084
1947 1992 2022
2399 2421 2406
2010 2069 1992
2032 2042 2024
2011 2014 1697
1875 1337 2164
870 1939 1921
1984 1975 2000
2120 2103 2142
1050 1412 1455
2357 1361 2378
1858 1788 1869
2089 2108 2070
1404 1397 1884
1885 1883 1354
1921 1959 1951
1951 1959 1984
1959 1975 1984
1955 1947 1935
2134 208 2127
2156 1874 1211
2159 2167 2168
1899 1460 1917
2000 2017 2035
2074 2085 2103
2110 2141 2102
1936 1955 1935
2022 2069 2060
2134 2127 2107
2041 2070 2010
2137 412 2382
2032 2071 2042
1921 1939 1959
2069 2068 2060
2068 2107 2060
2107 2118 2134
1854 1903 1888
1888 1903 870
870 1903 1939
1975 2017 2000
2035 2017 2046
2121 2142 2103
215 1641 488
2147 983 2142
1974 1973 1966
2156 1682 1515
1613 1592 1593
2268 2269 2275
1925 2146 28
2081 2090 2071
429 502 2058
1903 1904 1939
1939 1960 1959
1960 1975 1959
2086 2085 2074
2064 2155 1389
1819 1837 1899
533 1307 836
2166 272 1017
830 1849 1854
2018 2036 2017
2017 2036 2046
2036 2074 2046
2085 2094 2103
2094 2121 2103
2121 2147 2142
1925 1212 1994
1404 1884 1760
2005 2012 2011
2210 2232 2215
1854 1889 1903
1903 1894 1904
1904 1931 1939
1960 1976 1975
1975 1985 2017
2483 2475 1517
1869 1410 1858
1547 2141 2110
1903 1889 1894
1894 1931 1904
1939 1931 1960
1975 1976 1985
1985 2007 2017
2017 2007 2018
2086 2074 2036
2086 2094 2085
2093 1390 1859
1851 1852 2005
1852 2012 2005
928 978 849
1854 1873 1889
2007 2027 2018
1992 2069 2022
1704 1798 1997
1490 2146 205
1850 1855 1854
1894 1889 1873
2037 2018 2027
2037 2047 2036
2018 2037 2036
2047 2066 2086
2036 2047 2086
2086 2066 2094
2094 2148 2121
2148 2147 2121
1307 2004 836
208 1307 1386
1600 2101 1926
253 169 200
1799 1402 1762
1509 1345 1739
869 870 1902
1918 1649 1618
2147 1666 1752
1931 1922 1960
1976 1952 1985
2066 2111 2094
2111 2148 2094
2147 2148 1666
2421 2420 2406
1925 2025 1212
1911 2143 542
2127 1386 2152
1732 1509 1739
989 852 2488
502 1213 802
1920 430 2162
2145 2144 2128
2143 1920 2162
1854 1855 1873
1894 1922 1931
1922 1940 1960
1960 1940 1976
2047 2075 2066
2075 2112 2066
2066 2112 2111
1722 1899 1936
1869 1899 1722
1366 2162 1337
519 1345 1509
1697 1830 1860
1983 1918 2044
1894 1890 1922
2007 1985 2027
1947 1980 1992
1882 1345 519
1882 1813 1345
1929 205 2146
2498 2485 1446
1890 1905 1922
1922 1952 1940
1952 1976 1940
1952 1986 1985
2112 2122 2111
2122 2148 2111
1386 1307 1225
1598 1687 1345
2092 1389 1536
2002 2010 1980
1986 2027 1985
2037 2048 2047
2047 2048 2075
1812 1666 2148
2122 1812 2148
1460 1468 1963
1756 1509 1742
504 1929 1998
2222 1783 1788
1531 1521 1650
1905 1912 1922
1912 1942 1922
1942 1941 1922
1922 1941 1952
1941 1986 1952
1307 1851 2004
2052 1813 1882
1732 1739 1540
2153 1885 1354
1502 1527 1473
1873 1878 1894
1894 1878 1890
2075 2123 2112
2112 2123 2122
1895 1890 1878
1890 1895 1905
1941 1961 1986
1961 2008 2027
1986 1961 2027
2008 2037 2027
2108 2118 2070
1917 1955 1936
1850 1863 1855
1895 1896 1905
1905 1896 1912
1942 1961 1941
2048 2076 2075
2123 2124 2122
1929 2146 1925
1901 1893 1877
481 1509 1756
2128 2136 2119
502 802 2058
1846 1856 1850
1850 1856 1863
2038 2037 2008
2037 2038 2048
2075 2076 2123
2149 1812 2122
481 519 1509
1993 1820 2045
2043 2003 1763
1863 1866 1855
1866 1873 1855
1896 1943 1912
1942 1943 1961
2123 2125 2124
2149 2122 2124
2098 2145 2128
2040 1994 2097
1604 1640 2150
1846 1958 1856
1873 1866 1878
1912 1943 1942
1943 1962 1961
2076 2095 2123
2095 2125 2123
2125 2149 2124
940 1649 1918
2134 2135 208
1883 1885 2013
2048 2028 2076
1387 2126 1388
1388 2126 1565
1929 1925 1994
940 1918 1315
2109 502 429
1866 1879 1878
1878 1879 1895
1896 1906 1943
1962 1977 1961
1961 1977 2008
2038 2028 2048
2076 2077 2095
821 822 826
2165 1667 2149
80 940 1315
2203 2215 2202
2010 2070 2069
1879 1891 1895
1891 1906 1896
1895 1891 1896
1906 1913 1943
1977 2009 2008
2009 2038 2008
1687 1739 1345
1788 1819 1869
2129 1390 2093
1943 1944 1962
2028 2077 2076
1766 2149 2125
1766 2165 2149
802 2021 2466
1502 1926 2101
1913 1953 1943
1943 1953 1944
1962 1969 1977
2077 2104 2095
2104 2125 2095
1964 2010 2002
191 1625 1357
2100 1558 1593
1929 2040 1998
1697 1875 2164
1397 1870 890
2164 1337 1680
1969 2009 1977
2009 2029 2028
2038 2009 2028
2029 2054 2077
2028 2029 2077
1848 1847 2174
1870 1861 890
542 2014 2013
1856 1857 1863
1863 1857 1866
1962 1944 1969
2054 2087 2077
2077 2087 2104
2104 2130 2125
2125 2130 1766
2062 2082 2032
2160 2170 208
2031 2041 2010
1812 2149 1772
1913 1907 1953
1969 1978 2009
2087 2130 2104
2014 542 1875
1693 1691 1047
1394 2206 1858
1394 1392 2206
1729 1783 1735
2499 2465 2469
1708 1700 1756
1944 1978 1969
2029 2049 2054
2349 2316 2285
2153 2154 1885
870 859 1888
2160 208 2135
2496 2462 2492
2189 2203 2202
1799 2178 1403
2476 2468 1384
1384 1714 2476
2127 208 1386
1857 1867 1866
1866 1880 1879
1892 1891 1879
1880 1892 1879
1892 1906 1891
1906 1907 1913
1953 1978 1944
1978 1979 2009
2130 2158 1766
1764 92 338
1760 1876 1404
522 1346 514
1540 2156 1737
2143 2162 1366
1379 1388 1565
2316 2391 2315
1993 2497 1800
1866 1867 1880
1979 2049 2029
2009 1979 2029
2049 2088 2054
2054 2088 2087
2087 2113 2130
1537 1650 1658
2144 2154 2128
2139 28 1927
2369 2032 2024
2251 2238 2239
2238 2251 1861
2391 2390 2315
2468 2500 1384
2476 1714 1709
501 1613 1642
2437 1226 2430
1914 1906 1892
1914 1907 1906
1953 1907 1978
1907 1987 1978
1978 1987 1979
2113 2158 2130
2154 2153 2128
507 1965 2143
871 1755 1625
1709 1714 1504
235 1965 507
2271 2283 1397
2324 2354 2318
1547 2120 1778
1531 1527 1521
1979 2055 2049
2049 2055 2088
2012 2014 2011
1963 2002 1955
2005 2011 1390
1564 1926 1502
2243 2242 2225
4 1714 1384
1857 1847 1867
1914 1945 1907
1945 1987 1907
1979 2019 2055
2114 2158 2113
2091 2082 2062
1397 2283 1686
2161 2154 2144
518 2474 2487
2157 4 1384
4 1504 1714
1691 1693 1504
1987 2019 1979
2114 2168 2158
2168 2167 2158
2082 2081 2071
1315 1983 1982
1487 1618 1649
2082 2071 2032
2360 1209 1232
1932 1945 1914
2055 2078 2088
2087 2114 2113
2098 2090 2081
2161 531 2154
1851 2005 2004
2022 2060 2051
2175 2183 2174
2161 984 531
1908 1892 1880
1908 1914 1892
1987 2039 2019
2039 2055 2019
2088 2078 2087
2087 2078 2114
1781 1443 1881
1215 1214 2319
866 1938 1893
866 902 1938
1371 2397 1378
1862 503 2026
2157 1384 503
1867 1781 1880
1908 1932 1914
2039 1987 1945
1480 2023 1491
2119 2135 2118
1521 1527 1517
1870 1397 1404
1220 1407 1398
1356 4 2157
2178 1799 1762
1867 1864 1781
1881 1880 1781
1881 1908 1880
2039 2056 2055
2105 2078 2055
2056 2105 2055
2105 2131 2078
2131 2114 2078
2114 2131 2168
531 984 596
2091 2099 2081
1209 1220 1398
1398 1232 1209
2129 2001 1516
1848 1864 1867
1932 2039 1945
51 1268 29
1666 1812 1752
1996 1379 1672
939 1007 1087
1946 1993 2045
1881 1915 1908
1923 1932 1908
1532 2039 1932
1532 1533 2039
2057 2039 1533
2057 2056 2039
1237 190 1767
1996 1388 1379
1874 1540 1553
1853 503 1862
1853 2157 503
2395 1274 2405
2425 2442 152
1915 1923 1908
1924 1934 1933
1869 1722 1425
2057 2096 2056
2096 2105 2056
2131 2150 2168
2150 2159 2168
1105 1634 1561
1956 1767 1680
1956 2050 1767
525 534 32
1613 1593 1608
2232 2228 2215
2495 2026 2083
2495 1862 2026
2116 1853 1862
2015 2157 1853
2015 1503 1356
2157 2015 1356
1113 235 1660
2128 2153 2136
2132 2105 2096
2490 1998 2040
2050 1237 1767
2060 2107 2080
2188 2194 2185
2347 2348 2361
1700 191 481
504 1736 1706
2132 2131 2105
2131 2132 2150
2150 2169 2159
501 1660 2161
1997 1388 1996
2296 2351 2328
2351 2363 2328
2393 2413 2363
2351 2393 2363
2401 511 2414
2254 2253 2242
2445 1364 2455
2270 2281 2297
845 2282 2263
2292 2309 2317
2253 2294 2293
2282 2289 2277
2269 2293 2292
2422 2454 2399
2280 2286 2266
2189 2190 2203
2270 2262 2281
2333 2328 2363
2423 2431 2408
2281 2262 2297
1408 1658 1957
2262 2301 2297
2296 2328 2295
1255 445 2345
1957 2501 2477
2436 2398 2443
262 2365 2358
848 826 822
2310 2324 2289
2498 2378 2433
2445 2455 2422
946 2357 2378
2498 946 2378
2204 2194 2211
2244 2236 2226
2244 2255 2236
2255 2262 2270
555 570 2304
1527 2067 1517
2423 2438 2431
2301 2351 2296
1865 2236 825
2247 2241 2210
2333 2363 2362
2234 2243 2225
2254 2294 2253
2328 2323 2295
2438 2446 1972
2328 2333 2323
2408 2431 2413
2292 2317 2275
865 2424 2415
1486 1492 2371
2236 2230 2229
2414 511 16
2034 1235 25
920 2137 687
2490 2481 2461
5 180 196
2480 947 1794
2137 2382 2381
2376 2393 2351
2376 505 2393
2393 505 2401
2400 2401 2414
2393 2401 2400
2317 2325 2275
2438 2456 2431
2297 2301 2296
2243 2248 2242
2403 1099 2381
2237 2244 2226
2244 2256 2255
2256 2262 2255
2323 2333 2327
2256 2288 2262
2288 2301 2262
2235 2230 2249
2137 2381 687
2382 2403 2381
1099 2403 2342
2352 2351 2301
2352 2376 2351
2236 2229 2219
2334 2354 2324
2307 2339 2314
2252 2268 2275
2310 2334 2324
2438 2423 510
2267 2266 2247
2382 412 2403
122 970 831
2233 2242 2268
2224 2212 2233
2218 2212 2224
2194 2195 2211
1543 2417 1548
412 865 2403
2403 865 2415
2415 2416 2403
2403 2416 2342
2414 2408 2400
2195 2218 2211
2267 2247 2217
2205 2213 2196
2416 2331 2342
2342 2331 831
2329 2301 2288
2329 2352 2301
2452 2453 514
2217 2247 2216
2217 2216 2204
2275 2280 2267
2177 2196 2176
2196 2188 2176
2331 2065 831
831 2065 122
2230 2235 2229
668 949 1143
2216 2210 2198
1215 1208 1216
2065 2364 122
2229 2225 2213
2289 2324 2303
2324 2318 2303
2216 2247 2210
2190 2191 2198
509 524 2034
2416 1916 2331
2331 1916 2065
2407 2412 2340
2247 2266 2241
2325 2332 2280
1339 2364 2065
2439 1301 1339
2225 2229 2234
1152 1162 1115
2430 2454 2437
2415 2424 2416
2494 2473 2461
2289 2303 2276
824 2226 1871
150 238 1037
8 150 1037
544 927 2380
2439 2405 1383
927 1595 2380
2185 2187 2184
2455 25 1887
2286 2332 2261
2424 2341 2416
2341 1916 2416
1916 876 2065
2335 1339 2065
2335 2439 1339
2327 2350 2326
824 2237 2226
2350 2367 2326
1221 2387 1210
677 755 733
427 262 1342
2187 2190 2189
2340 2375 2332
2065 876 2335
2289 2276 2277
738 633 591
674 303 13
2383 674 13
2198 2210 2203
2190 2198 2203
2321 2317 2309
2286 2261 2232
2184 2187 2183
2385 2424 844
2383 571 674
1127 122 2364
831 970 2342
2187 2185 2190
2184 2183 2175
2344 1916 2341
2344 876 1916
2335 2405 2439
970 1099 2342
2298 2288 2256
2298 2302 2288
2248 2254 2242
505 512 511
2436 954 1218
1586 2397 1323
876 2395 2335
2335 2395 2405
2462 2478 878
2375 2411 2349
2280 2266 2267
2302 2329 2288
623 634 158
1995 2355 1560
2448 2435 1995
2355 2053 2450
927 2397 1586
2332 2349 2261
2034 25 2455
2345 2341 2424
2345 2344 2341
1543 2379 2417
2411 2391 2349
621 508 1150
2435 2053 1995
544 2450 927
2325 2340 2332
2345 2424 2385
1364 2034 2455
2368 2376 2352
2368 505 2376
2450 899 927
899 2397 927
1234 1887 1243
2336 2344 2345
876 771 2395
771 1274 2395
2431 2445 2413
2293 2294 2309
2368 2329 827
2417 2418 2435
2449 2428 2435
2435 2428 2053
2489 2493 1655
1320 154 2337
1255 2345 2385
2447 876 2344
876 2447 771
2445 2422 2413
2350 2333 2362
2242 2253 2268
2379 2418 2417
2418 2449 2435
2282 2277 2263
821 2196 822
1007 1758 1564
2447 2344 2336
2269 2292 2275
2322 2323 2327
2428 1011 2053
2225 2242 2212
2394 324 771
2369 2366 2379
2053 2434 2450
2434 2396 2450
2450 2396 899
1773 1973 1974
2304 2289 2282
845 2304 2282
2319 1214 2284
2138 2447 2336
2447 2394 771
1231 1230 1215
2271 2284 2283
2366 2370 2379
2370 2404 2379
2379 2404 2418
2418 2428 2449
2428 175 1011
2396 2372 899
2372 2397 899
2372 1378 2397
2371 1499 1507
1132 1302 1141
2251 2272 2271
890 2251 2271
2418 2404 2428
2404 2429 2428
2428 2429 175
2188 2185 2180
2211 2218 2217
2311 2138 2336
2138 2383 2447
2447 2383 2394
898 854 842
2271 2272 2284
2330 2302 2298
175 2434 2053
1011 175 2053
2176 2184 2175
2217 2218 2224
1215 1219 1214
2377 2138 2311
2383 13 2394
2323 2294 2254
2239 2272 2251
2370 2386 2404
2409 2429 2404
2429 2441 175
2434 2343 2396
2396 2343 2372
2455 1887 2454
2241 2266 2232
2232 2261 2228
2377 2383 2138
2322 2309 2294
2322 2321 2309
2239 2273 2272
973 840 989
2489 1446 2485
2386 2409 2404
2441 2140 175
2343 1777 2372
971 1378 2372
1777 971 2372
1378 971 427
1210 2436 1222
1227 1214 1219
701 2377 2311
16 517 2414
1887 25 1243
2323 2322 2294
2304 2310 2289
2306 2284 2272
2273 2306 2272
2306 2319 2284
2368 530 505
2434 2257 2343
2295 2323 2287
1232 1216 2360
2359 2370 2366
2409 2441 2429
175 2140 2257
175 2257 2434
538 2330 65
2349 2391 2316
2267 2224 2252
1507 1499 2370
2359 1507 2370
2370 1499 2386
971 2365 427
1625 1685 1357
1758 1806 1818
2276 2256 2244
2276 2298 2256
1783 2227 1735
2264 2239 1735
2227 2264 1735
2264 2273 2239
1208 2319 2306
2319 1208 1215
1554 1583 1559
2386 1499 2371
2409 2419 2441
2432 971 1777
2432 2365 971
954 521 1224
2338 2306 2273
2371 1492 2386
2410 2419 2409
2419 953 2441
2441 953 2140
2343 2432 1777
2204 2211 2217
2327 2333 2350
2393 2400 2413
2249 2255 2270
2338 1208 2306
2327 2321 2322
865 844 2424
2 315 892
2386 2410 2409
2440 2140 953
2140 2440 2257
2353 2432 2343
2253 2293 2269
2268 2253 2269
862 2304 845
2440 2353 2257
2257 2353 2343
2318 2354 50
2222 2227 1783
1492 2410 2386
1559 2448 1554
2287 2323 2254
824 2250 2237
2250 2244 2237
1298 83 1311
2245 2264 2227
2312 2273 2264
2312 2338 2273
2250 2276 2244
2318 50 2330
890 1861 2251
2442 953 2419
2442 2440 953
510 2446 2438
2241 2232 2210
187 14 813
2442 2425 2440
2425 2353 2440
2305 2402 2432
2432 2402 2365
538 2302 2330
2245 2227 2222
1029 1818 1806
2353 2305 2432
2412 2411 2375
2437 2454 1887
1847 1856 2175
2206 2207 2222
2207 2245 2222
1208 2338 1216
2338 2360 1216
1220 1209 2387
553 108 77
385 1374 94
2326 2325 2317
2178 2181 1392
2181 2207 1392
1392 2207 2206
2360 2398 2387
2387 2398 1210
2305 2353 2425
2402 2358 2365
2213 2225 2212
2267 2252 2275
888 2199 2178
2199 2181 2178
2199 2220 2181
2220 2207 2181
2313 2264 2245
2313 2312 2264
2338 2373 2360
2477 2433 2378
2204 2216 2198
2207 2258 2245
2258 2274 2245
2313 2320 2312
2312 2346 2338
2346 2373 2338
2373 2398 2360
152 153 2425
153 2305 2425
2384 2358 2402
2220 2258 2207
2305 2356 2402
2356 2384 2402
2236 2255 2230
2171 2179 888
2179 2199 888
2199 2200 2220
2245 2290 2313
2373 2443 2398
570 554 2310
2191 2204 2198
2172 2179 2171
2278 2245 2274
2278 2290 2245
2291 2313 2290
2320 2361 2312
2361 2346 2312
2346 2388 2373
2443 954 2436
2291 2290 2278
2451 2443 2373
2053 2355 1995
2337 2305 153
2185 2191 2190
2192 2200 2199
2258 2220 2200
2246 2258 2200
2451 954 2443
2277 2276 2250
2337 2356 2305
2180 2185 2184
2275 2325 2280
2431 2456 2445
2197 2200 2192
2197 2231 2200
2231 2246 2200
2388 2451 2373
2451 1629 954
1402 1748 1443
1554 1995 1560
2356 2426 2384
2384 2427 229
2408 2414 2423
2303 2330 2298
2192 2199 2179
2444 2451 2388
1564 1758 1926
2379 1543 2369
2337 2426 2356
2426 2427 2384
229 221 252
2201 2197 2192
2201 2208 2197
2208 2240 2197
2240 2231 2197
2265 2274 2258
2364 1339 1127
2414 517 2423
2337 169 2426
169 2427 2426
2180 2184 2176
2195 2194 2188
2182 2192 2179
2452 1629 2451
2196 2213 2188
2400 2408 2413
821 2219 2196
1209 2360 2387
2186 2192 2182
2186 2201 2192
2265 2278 2274
2278 2299 2291
2374 2346 2361
2374 2389 2346
2389 2388 2346
2452 2451 2444
1346 1629 2452
1629 1346 521
2219 2205 2196
2261 2349 2285
169 253 2427
2456 1972 2445
1972 1364 2445
2173 2182 2179
2193 2201 2186
2221 2240 2208
2221 2259 2240
2265 2258 2246
2389 2444 2388
2263 2250 824
2362 2367 2350
2325 2392 2340
1854 1849 1850
2209 2208 2201
2209 2221 2208
2260 2259 2221
2279 2278 2265
2279 2299 2278
250 262 2358
2276 2303 2298
2219 2229 2205
2201 2193 2209
2212 2242 2233
2327 2326 2321
2293 2309 2292
2213 2195 2188
2195 2212 2218
2223 2221 2209
2420 2389 2374
2205 2229 2213
2193 2202 2209
2223 2260 2221
2420 2444 2389
2321 2326 2317
2392 2407 2340
1364 1972 509
2215 2209 2202
2215 2223 2209
2265 2307 2279
2279 2307 2299
2406 2420 2374
2174 2182 2173
2193 2189 2202
2453 2444 2420
521 1346 522
2455 2454 2422
822 2196 2177
2280 2332 2286
2187 2186 2182
2187 2189 2193
2186 2187 2193
2307 2314 2299
2406 2374 2361
2442 2419 2502
2419 2410 2502
2410 1492 2502
1492 1486 2502
1486 1317 2502
1317 1319 2502
1319 2442 2502